0 186
31
64
119
0 405
31
57
64
0 427
31
64
0 474
31
57
0 494
31
57
60
119
0 528
57
60
64
119
0 553
31
1 123
9
1 125
24
1 191
9
24
99
1 203
14
1 637
9
17
99
1 705
17
1 717
14
1 718
9
17
24
99
1 719
9
17
2 58
41
99
2 125
46
2 154
41
2 192
46
2 329
46
99
119
2 345
119
2 374
41
3 15
8
3 95
14
3 125
46
3 202
46
3 203
14
46
3 262
46
3 365
8
46
3 761
8
4 87
2
36
67
4 88
24
36
67
4 89
24
36
67
4 95
2
24
47
113
4 756
47
67
113
4 757
2
47
113
5 237
89
5 291
89
5 316
89
5 317
89
5 338
89
6 59
1
60
6 205
1
6 312
1
60
6 661
1
60
7 63
50
7 129
50
7 180
50
7 734
50
8 9
1
18
8 173
1
8 228
12
18
118
8 252
12
18
118
8 503
1
18
8 585
1
8 600
12
118
9 8
1
18
9 585
1
10 139
123
10 140
123
10 246
57
123
10 405
26
57
10 474
26
57
10 495
26
57
123
10 496
57
123
11 91
5
19
31
42
48
88
99
110
119
124
11 96
8
42
113
11 329
8
19
31
42
99
113
119
124
11 366
19
31
42
48
88
99
110
124
11 367
8
19
31
42
48
88
99
110
124
11 373
8
19
31
42
48
88
99
110
113
124
12 13
30
92
115
12 143
82
12 212
30
92
115
12 535
30
82
12 538
82
13 12
30
92
115
13 92
30
58
92
115
13 143
58
13 144
58
14 28
3
16
14 29
3
16
58
14 30
3
58
14 52
58
14 64
3
16
58
14 619
3
14 663
58
15 3
8
15 34
113
15 37
11
15 95
47
113
15 131
8
11
15 713
11
15 755
47
113
15 761
8
11
16 99
5
82
83
16 104
82
16 229
5
82
16 309
5
82
83
17 100
5
37
82
17 101
82
17 184
5
82
17 683
5
17 793
5
37
82
18 19
30
18 240
30
18 633
30
18 634
30
19 18
30
19 240
7
30
19 576
7
30
19 635
7
34
94
20 277
41
101
20 278
101
20 283
71
20 407
41
20 409
41
71
20 433
41
101
20 435
41
101
20 511
41
21 112
49
87
21 165
49
101
21 408
49
21 433
49
101
21 434
87
101
21 435
87
101
22 55
93
22 115
40
22 324
40
93
22 325
40
22 363
40
22 371
40
23 55
93
23 117
93
23 118
7
23 257
7
24 189
9
43
123
24 190
31
43
123
24 221
9
43
123
24 295
9
24 352
9
31
24 445
9
31
43
123
25 93
39
104
25 94
7
39
25 130
7
39
40
25 230
40
104
25 259
7
39
40
104
25 310
39
40
104
25 442
39
40
26 120
44
71
26 133
44
71
101
26 346
44
71
101
26 425
101
26 426
101
26 468
101
27 28
3
14
16
103
27 53
14
16
78
103
107
27 619
3
78
103
27 663
14
103
107
27 664
14
16
78
107
27 665
14
16
78
28 14
3
16
28 27
3
14
16
103
28 64
3
16
28 619
3
103
28 663
14
103
29 14
3
16
58
29 30
3
58
102
29 31
3
16
28
29 39
3
102
29 64
3
16
58
29 358
3
16
28
29 746
16
58
93
29 798
58
93
30 14
3
58
30 29
3
58
102
30 39
3
102
30 40
102
107
30 52
58
107
30 64
3
58
30 319
102
107
30 663
58
107
31 29
3
16
28
31 39
3
31 41
3
28
31 358
3
16
28
32 97
4
113
32 751
4
8
32 752
4
8
32 760
4
8
113
32 771
8
113
32 799
8
33 34
84
33 97
84
93
33 131
8
84
33 156
93
33 201
84
33 771
8
93
33 799
8
93
34 15
113
34 33
84
34 35
84
34 97
84
113
34 131
84
35 34
84
35 50
67
35 97
67
84
93
35 684
67
35 713
67
35 736
67
84
35 764
67
84
93
35 782
67
36 37
114
36 88
14
24
114
36 89
24
114
36 518
24
36 545
14
36 546
24
36 578
24
36 765
14
114
36 784
14
114
37 15
11
37 36
114
37 49
11
37 50
36
67
114
37 713
11
67
37 755
67
37 784
36
114
38 49
84
38 50
114
38 175
84
93
38 703
114
38 736
84
114
38 764
84
93
38 782
114
39 29
3
102
39 30
3
102
39 31
3
39 40
102
39 41
3
40 30
102
107
40 39
102
40 41
107
40 52
107
40 267
107
40 319
102
107
41 31
3
28
41 39
3
41 40
107
41 267
28
107
41 319
107
41 340
107
41 358
3
28
107
42 52
58
42 536
58
42 537
58
42 663
58
43 48
28
43 267
28
44 45
30
92
115
44 211
30
92
115
44 535
30
45 44
30
92
115
45 212
30
92
115
45 535
30
46 47
30
102
115
46 65
30
102
115
46 266
30
102
115
46 357
30
102
47 46
30
102
115
47 211
30
82
115
47 266
30
82
102
115
47 357
30
82
102
47 535
30
82
102
48 43
28
48 241
5
48 357
28
48 488
5
49 37
11
49 38
84
49 175
84
49 176
11
84
50 35
67
50 37
36
67
114
50 38
114
50 713
67
50 736
36
67
114
51 488
0
20
75
52 14
58
52 30
58
107
52 40
107
52 42
58
52 319
107
52 663
58
107
53 27
14
16
78
103
107
53 105
78
103
53 663
14
103
107
53 664
14
16
78
107
53 665
14
16
78
54 70
37
54 71
37
54
93
54 106
37
54 214
54
54 215
93
54 464
37
54 548
37
54
55 22
93
55 23
93
56 57
39
56 76
22
39
56 77
39
56 306
22
56 596
39
57 56
39
57 76
39
122
57 77
37
39
122
57 78
104
57 79
104
122
57 80
37
39
57 81
37
39
104
57 302
37
104
57 306
104
58 2
41
99
58 125
87
58 148
41
58 154
41
58 675
87
58 687
87
58 721
99
59 6
1
60
59 205
1
59 228
120
59 254
1
60
120
59 312
1
60
59 503
1
120
59 641
1
60
120
59 661
1
60
120
60 66
39
67
104
113
60 67
67
104
60 68
6
67
60 97
67
113
60 183
67
111
60 702
67
60 715
67
60 760
113
61 98
61
61 284
22
61 285
22
61
63
61 288
6
61 305
6
22
61 522
6
22
63
61 577
6
61 599
6
61
63
62 89
69
114
62 90
2
87
114
62 108
2
86
87
62 484
2
62 519
2
62 521
86
87
62 578
2
69
62 783
69
86
87
114
62 785
69
86
87
114
63 7
50
63 129
50
63 550
50
63 734
50
64 14
3
16
58
64 28
3
16
64 29
3
16
58
64 30
3
58
64 166
3
64 619
3
64 746
16
58
64 798
58
65 46
30
102
115
65 266
30
102
115
65 356
30
115
65 357
28
30
102
66 60
39
67
104
113
66 67
36
67
104
66 617
39
104
114
66 673
104
114
67 60
67
104
67 66
36
67
104
67 183
36
67
67 617
104
67 673
104
68 60
6
67
68 183
36
67
68 695
6
114
68 715
36
67
114
68 731
114
69 71
93
122
69 73
122
69 106
122
69 185
122
69 320
93
122
70 54
37
70 71
37
70 106
4
37
70 214
4
70 463
37
71 54
37
54
93
71 69
93
122
71 70
37
71 106
37
122
71 185
122
71 320
93
122
71 370
122
71 464
37
71 548
37
54
122
72 73
4
72 75
4
108
72 387
108
72 549
108
73 69
122
73 72
4
73 75
4
73 106
4
122
73 185
122
73 462
4
122
74 75
108
74 134
108
74 288
108
75 72
4
108
75 73
4
75 74
108
75 134
4
108
75 387
108
75 462
4
76 56
22
39
76 57
39
122
76 77
39
122
76 136
22
72
122
76 596
39
72
76 597
72
77 56
39
77 57
37
39
122
77 76
39
122
77 80
37
39
77 81
37
39
77 136
37
122
78 57
104
78 79
104
78 81
104
78 302
104
79 57
104
122
79 78
104
79 303
122
79 306
104
80 57
37
39
80 77
37
39
80 81
37
39
106
80 136
37
72
106
80 341
39
106
80 395
72
106
80 458
39
72
81 57
37
39
104
81 77
37
39
81 78
104
81 80
37
39
106
81 302
37
104
106
81 341
39
106
81 360
104
106
81 458
39
82 240
30
40
82
82 576
30
40
82
82 635
40
82 689
30
40
82
82 724
40
82 725
30
82
83 112
56
87
83 122
87
97
83 165
56
83 188
97
83 223
56
90
97
83 706
97
83 707
87
90
97
83 767
56
87
90
84 155
11
84
84 562
97
84 639
97
84 640
11
84 686
11
14
23
97
84 697
97
84 717
14
84 762
11
14
23
84
90
109
84 774
11
14
23
90
84 787
11
14
23
97
85 172
32
53
55
56
59
97
99
85 231
32
49
53
55
56
59
96
97
99
101
121
85 264
53
55
96
85 265
53
55
96
121
85 291
49
101
85 336
32
96
121
85 337
32
121
85 586
53
55
59
99
85 589
53
55
85 606
53
55
59
99
85 772
49
56
85 792
56
86 87
36
67
86 90
36
86 95
47
68
113
86 96
36
47
67
68
113
86 758
47
113
86 759
68
113
87 4
2
36
67
87 86
36
67
87 89
36
67
87 90
2
36
87 757
2
88 4
24
36
67
88 36
14
24
114
88 89
24
36
67
114
88 755
14
67
88 756
14
67
88 765
14
36
114
88 784
14
36
114
89 4
24
36
67
89 36
24
114
89 62
69
114
89 87
36
67
89 88
24
36
67
114
89 90
36
114
89 578
24
69
90 62
2
87
114
90 86
36
90 87
2
36
90 89
36
114
90 96
36
87
90 783
87
114
90 785
36
87
114
91 11
5
19
31
42
48
88
99
110
119
124
91 96
15
36
42
47
67
68
80
83
86
91 366
19
27
30
31
34
36
42
43
47
48
51
54
67
68
69
82
86
88
95
99
110
114
115
124
91 367
19
27
31
42
43
48
88
95
99
110
124
91 579
19
27
30
31
34
47
48
51
54
65
68
69
82
88
92
94
99
110
114
115
116
117
91 625
19
30
31
34
80
82
88
99
115
91 651
15
80
91 668
5
31
80
82
99
91 669
5
15
80
83
91 783
27
47
51
54
68
69
80
86
114
117
124
91 785
15
27
30
36
42
43
47
51
54
67
68
69
80
83
86
95
114
116
124
92 13
30
58
92
115
92 142
30
92
115
92 144
58
92 159
19
30
92
103
115
92 633
19
30
103
92 634
19
30
34
92
115
93 25
39
104
93 94
39
50
93 128
39
50
104
93 130
39
93 259
39
50
104
93 778
50
93 779
104
94 25
7
39
94 93
39
50
94 130
7
39
72
94 778
50
72
95 3
14
95 4
2
24
47
113
95 15
47
113
95 86
47
68
113
95 269
68
95 342
2
95 364
68
95 365
24
95 755
14
47
113
95 756
14
47
113
95 757
2
47
113
95 758
47
113
95 759
68
113
96 11
8
42
113
96 86
36
47
67
68
113
96 90
36
87
96 91
15
36
42
47
67
68
80
83
86
96 125
68
87
96 248
8
87
96 249
8
87
96 329
8
42
85
113
96 759
68
113
96 785
15
36
42
47
67
68
80
83
85
86
87
97 32
4
113
97 33
84
93
97 34
84
113
97 35
67
84
93
97 60
67
113
97 131
84
97 684
67
97 701
4
67
97 702
4
67
97 703
67
97 760
4
113
97 771
93
113
98 61
61
98 285
4
61
98 453
4
98 455
4
61
70
98 577
70
98 583
4
98 657
4
98 658
4
98 694
70
99 16
5
82
83
99 270
5
63
82
83
108
99 289
63
100 17
5
37
82
100 101
82
100 102
19
34
92
94
106
115
100 152
30
65
81
83
106
100 184
5
82
100 206
5
19
30
34
65
81
82
83
92
94
115
100 682
19
30
34
65
81
82
83
92
94
106
115
100 744
5
82
101 17
82
101 100
82
101 682
82
101 793
82
102 100
19
34
92
94
106
115
102 152
106
102 682
19
34
92
94
106
115
103 104
19
30
34
81
82
115
103 157
19
30
34
70
80
81
88
115
103 229
70
82
103 232
19
30
34
70
80
81
88
115
103 625
19
30
34
70
80
81
82
88
115
103 668
70
80
82
104 16
82
104 103
19
30
34
81
82
115
104 158
19
30
34
65
81
92
94
115
104 229
82
104 232
19
30
34
65
81
92
94
115
104 270
19
30
34
65
81
82
92
94
115
104 307
19
30
34
65
81
92
94
115
105 53
78
103
105 224
24
78
105 558
78
105 563
24
103
105 609
24
78
103
105 663
24
103
105 664
24
78
106 54
37
106 69
122
106 70
4
37
106 71
37
122
106 73
4
122
106 185
122
106 410
37
106 438
37
122
106 462
4
122
106 463
37
107 108
61
63
86
87
107 147
61
107 167
63
86
87
107 271
63
107 272
63
87
107 308
61
63
108 62
2
86
87
108 107
61
63
86
87
108 167
63
86
87
108 208
2
86
108 481
2
54
63
108 482
2
54
61
63
108 483
54
70
108 484
2
22
70
108 520
22
70
108 521
22
54
70
86
87
108 651
22
70
108 783
54
86
87
109 115
40
109 239
14
109 371
40
84
100
109 424
84
100
106
109 466
14
84
106
109 612
14
40
100
109 614
14
106
109 615
106
109 622
14
40
109 623
40
109 645
14
100
109 646
106
110 111
11
14
49
110 181
101
110 182
11
49
110 273
49
101
110 281
101
110 318
11
14
101
110 369
14
101
110 763
11
49
111 110
11
14
49
111 182
11
49
111 273
49
56
111 763
11
49
56
111 774
11
14
111 776
56
111 777
11
14
56
112 21
49
87
112 83
56
87
112 165
49
56
112 408
49
56
112 433
49
112 767
56
87
113 114
100
106
113 230
100
113 302
106
113 354
106
113 359
100
113 360
100
106
114 113
100
106
114 138
6
100
114 326
100
114 327
100
106
114 354
6
106
114 359
6
100
114 410
106
114 459
6
106
115 22
40
115 109
40
115 324
40
115 371
40
115 623
40
116 118
7
78
116 119
78
116 256
4
7
78
116 363
4
116 750
4
78
117 23
93
117 118
78
117 119
78
117 257
3
78
117 748
3
78
117 749
3
78
93
118 23
7
118 116
7
78
118 117
78
118 119
78
118 749
78
119 116
78
119 117
78
119 118
78
119 256
78
119 749
78
119 750
78
120 26
44
71
120 133
44
71
120 187
25
79
120 331
44
71
123
120 346
44
71
123
120 347
25
44
71
123
120 415
44
71
74
120 450
74
79
120 479
25
44
71
74
120 495
79
123
120 496
25
79
123
120 514
74
79
121 163
26
31
121 165
101
119
121 330
26
101
121 331
26
101
121 403
26
31
101
121 434
101
119
121 479
26
121 512
31
119
121 513
26
31
122 83
87
97
122 171
17
41
87
122 188
17
97
126
122 222
17
41
122 676
2
97
122 705
2
17
97
122 706
97
122 707
41
87
97
122 720
2
17
122 737
97
122 738
41
97
122 739
2
97
123 1
9
123 199
9
123 203
68
123 260
68
84
123 261
11
68
123 262
11
123 290
68
84
123 611
9
84
123 637
9
11
123 638
9
84
124 193
4
124 751
4
46
124 752
4
32
46
124 770
4
46
125 1
24
125 2
46
125 3
46
125 58
87
125 96
68
87
125 191
2
24
125 203
46
68
125 227
46
125 248
46
87
125 249
46
87
125 250
46
125 269
46
68
125 329
46
125 342
2
46
125 364
46
68
125 365
24
46
126 166
4
103
126 747
4
103
126 750
4
103
127 128
62
103
104
127
127 692
62
104
127 700
62
104
127 745
103
127
127 779
62
103
104
127
128 93
39
50
104
128 127
62
103
104
127
128 258
54
78
128 259
39
50
54
78
104
128 745
78
103
127
128 779
35
62
103
104
105
127
129 7
50
129 63
50
129 180
50
129 412
100
106
129 444
40
100
130 25
7
39
40
130 93
39
130 94
7
39
72
130 310
39
40
130 441
7
40
72
130 442
39
40
72
130 443
40
72
131 15
8
11
131 33
8
84
131 34
84
131 97
84
131 200
84
131 201
84
131 202
11
131 761
8
11
132 140
64
132 187
25
57
95
132 246
57
132 430
25
57
64
95
132 471
64
132 472
64
95
132 489
64
95
132 496
25
57
133 26
44
71
101
133 120
44
71
133 141
48
77
133 151
27
29
44
48
71
77
133 380
27
29
44
48
71
95
133 415
44
71
133 425
101
133 468
27
29
48
77
95
101
134 74
108
134 75
4
108
134 284
4
134 288
108
134 387
108
134 390
4
135 136
22
37
122
135 396
37
73
135 597
73
136 76
22
72
122
136 77
37
122
136 80
37
72
106
136 135
22
37
122
136 395
72
106
136 396
37
106
136 458
72
136 596
72
136 597
72
137 214
4
54
137 215
93
106
137 294
4
100
137 324
93
100
137 325
4
100
137 328
54
100
106
137 371
100
137 424
100
106
137 463
106
137 464
106
138 114
6
100
138 258
6
7
33
40
54
138 326
33
40
54
100
138 327
54
100
138 359
6
40
54
100
138 361
7
33
138 362
7
33
40
139 10
123
139 140
64
123
139 246
123
139 405
64
139 406
64
123
139 427
64
139 428
123
140 10
123
140 132
64
140 139
64
123
140 246
123
140 406
64
123
140 428
123
140 471
64
123
140 489
64
141 133
48
77
141 151
48
74
77
141 416
48
74
77
141 452
74
142 92
30
92
115
142 159
30
92
115
143 12
82
143 13
58
143 144
58
143 538
58
82
143 539
82
144 13
58
144 92
58
144 143
58
144 538
58
146 217
110
123
146 355
38
110
146 398
38
110
146 439
38
110
123
146 440
38
146 460
110
123
146 498
38
147 107
61
147 289
15
147 308
61
147 309
15
61
147 651
15
148 58
41
148 154
41
148 170
9
148 171
9
41
148 222
9
41
149 176
11
22
84
93
149 300
61
84
149 422
22
61
70
93
149 454
93
149 543
22
70
84
150 194
98
150 532
60
150 591
1
13
60
98
150 592
1
13
60
98
150 607
60
150 630
1
13
60
98
151 133
27
29
44
48
71
77
151 141
48
74
77
151 380
27
29
44
48
71
74
151 451
27
29
44
74
151 452
27
29
44
74
152 100
30
65
81
83
106
152 102
106
152 682
30
65
81
83
106
153 400
56
85
110
123
125
153 425
10
38
110
125
153 426
10
38
110
125
153 439
38
110
123
153 440
38
153 469
110
123
125
153 470
110
123
125
153 498
10
38
56
153 502
10
38
56
85
125
154 2
41
154 58
41
154 148
41
154 222
41
154 374
41
155 84
11
84
155 195
11
84
99
155 639
99
155 640
11
99
156 33
93
156 200
46
156 751
46
156 753
46
93
156 754
46
93
156 770
46
156 799
93
157 103
19
30
34
70
80
81
88
115
157 158
19
26
30
34
47
65
70
77
80
81
88
92
94
110
115
116
117
157 232
19
26
30
34
47
65
70
77
80
81
88
92
94
115
116
117
157 533
65
70
92
94
110
116
157 625
19
26
30
34
70
77
80
81
88
115
158 104
19
30
34
65
81
92
94
115
158 157
19
26
30
34
47
65
70
77
80
81
88
92
94
110
115
116
117
158 232
19
26
30
34
47
65
70
77
80
81
88
92
94
115
116
117
158 366
19
26
30
31
34
47
51
77
81
88
110
115
158 533
22
31
51
65
70
92
94
110
116
158 579
19
26
30
31
34
47
51
65
77
81
88
92
94
110
115
116
117
158 625
19
22
26
30
31
34
70
77
80
81
88
115
159 92
19
30
92
103
115
159 142
30
92
115
159 539
82
103
159 632
82
159 633
19
30
82
103
160 161
26
160 162
26
160 446
26
161 160
26
161 162
26
126
161 353
97
161 392
126
161 446
26
97
161 447
97
162 160
26
162 161
26
126
162 218
126
162 221
26
162 352
17
31
162 392
31
126
162 413
17
31
126
162 445
17
31
162 560
17
162 624
17
126
163 121
26
31
163 165
49
56
163 217
26
31
163 223
49
56
163 330
26
49
163 400
26
31
56
163 401
26
56
163 402
31
49
56
163 403
26
31
49
164 217
29
164 393
29
164 446
97
164 460
29
97
165 21
49
101
165 83
56
165 112
49
56
165 121
101
119
165 163
49
56
165 223
49
56
119
165 434
101
119
166 64
3
166 126
4
103
166 619
3
103
166 746
4
93
166 747
4
103
166 748
3
166 749
3
93
166 798
93
167 107
63
86
87
167 108
63
86
87
167 208
86
108
167 209
86
108
167 272
63
87
167 743
87
108
167 796
108
167 797
87
108
168 534
19
30
34
92
94
115
168 681
30
83
106
168 682
19
30
34
82
83
92
94
106
115
168 691
82
168 725
19
30
34
82
92
94
115
168 729
30
83
106
170 148
9
170 171
9
87
170 191
9
170 675
87
170 720
9
171 122
17
41
87
171 148
9
41
171 170
9
87
171 191
9
171 222
9
17
41
171 720
9
17
172 85
32
53
55
56
59
97
99
172 604
32
97
172 605
32
97
172 606
53
55
59
99
172 636
99
172 696
97
99
172 772
56
172 792
56
173 8
1
173 251
21
27
29
76
95
173 253
76
173 525
74
173 526
21
27
29
74
173 585
1
173 601
21
173 642
21
76
95
173 786
1
21
174 492
25
44
64
74
174 504
44
74
77
174 507
25
64
174 508
44
64
74
77
174 509
25
44
64
74
77
174 704
25
77
175 38
84
93
175 49
84
175 176
84
93
176 49
11
84
176 149
11
22
84
93
176 175
84
93
176 542
84
176 543
22
84
176 544
22
177 178
24
108
177 208
24
108
122
177 239
24
122
177 323
108
122
177 372
108
178 177
24
108
178 208
24
108
178 297
24
54
63
178 372
54
108
178 437
24
54
63
178 480
24
54
63
178 481
54
63
179 293
54
84
108
179 297
54
179 298
84
179 299
84
179 321
54
84
108
179 322
54
179 323
108
179 349
84
108
179 372
54
108
180 7
50
180 129
50
180 734
50
181 110
101
181 182
84
109
181 292
84
101
109
181 318
84
101
109
181 343
84
101
109
182 110
11
49
182 111
11
49
182 181
84
109
182 343
49
84
109
182 763
11
49
84
109
182 800
49
183 60
67
111
183 67
36
67
183 68
36
67
183 673
111
183 695
111
184 17
5
82
184 100
5
82
184 206
5
82
184 744
5
82
184 793
5
82
185 69
122
185 71
122
185 73
122
185 106
122
186 0
31
64
119
186 427
31
64
186 528
64
119
186 553
1
12
13
18
21
31
44
45
52
66
76
98
120
186 566
12
18
21
44
45
52
66
76
120
186 567
1
13
98
186 592
1
13
52
98
186 607
64
119
186 630
1
13
98
187 120
25
79
187 132
25
57
95
187 417
27
29
79
187 418
79
95
187 419
27
29
57
79
187 430
25
27
29
57
95
187 450
79
187 496
25
57
79
187 506
25
27
29
57
95
188 83
97
188 122
17
97
126
188 218
97
126
188 222
17
188 223
97
119
126
188 295
17
119
188 413
17
126
188 414
97
188 706
97
189 24
9
43
123
189 190
26
43
123
189 221
9
26
43
123
189 445
9
43
123
189 560
9
123
189 580
9
26
123
190 24
31
43
123
190 189
26
43
123
190 192
26
31
43
46
123
190 580
26
123
191 1
9
24
99
191 125
2
24
191 170
9
191 171
9
191 718
9
24
99
191 719
9
191 720
2
9
191 722
99
192 2
46
192 190
26
31
43
46
123
192 329
31
46
85
192 373
26
27
31
43
46
48
77
85
88
95
110
123
192 559
27
48
77
85
88
95
110
193 124
4
193 204
68
193 226
4
193 247
4
193 770
4
68
194 150
98
194 532
2
194 591
2
98
194 631
2
98
195 155
11
84
99
195 611
17
84
195 637
11
17
99
195 638
17
84
195 639
17
99
195 640
11
17
99
196 197
64
89
196 198
89
196 234
89
197 196
64
89
197 198
89
109
197 216
64
109
198 196
89
198 197
89
109
198 216
109
198 234
57
89
91
198 242
57
91
109
198 497
57
91
109
198 570
57
89
91
199 123
9
199 204
9
199 233
4
9
89
93
199 247
4
9
89
93
199 311
9
199 562
89
199 590
89
199 611
9
199 638
9
200 131
84
200 156
46
200 201
84
200 202
46
200 260
46
84
200 261
46
200 290
46
84
200 754
46
201 33
84
201 131
84
201 200
84
202 3
46
202 131
11
202 200
46
202 203
46
202 261
11
46
202 262
11
46
202 761
11
203 1
14
203 3
14
46
203 123
68
203 125
46
68
203 202
46
203 262
46
203 365
46
204 193
68
204 199
9
204 247
9
205 6
1
205 59
1
205 503
1
206 100
5
19
30
34
65
81
82
83
92
94
115
206 184
5
82
206 207
108
206 270
5
19
30
34
65
81
82
83
92
94
108
115
206 744
5
82
108
207 206
108
207 270
15
108
207 744
15
108
207 797
15
108
208 108
2
86
208 167
86
108
208 177
24
108
122
208 178
24
108
208 209
2
86
108
122
208 239
24
122
208 437
24
208 742
2
24
122
209 167
86
108
209 208
2
86
108
122
209 239
122
209 742
2
122
209 769
2
122
209 794
122
209 795
122
209 796
108
122
210 690
5
210 691
87
100
210 725
87
100
210 727
5
100
210 728
100
210 729
87
210 730
5
87
211 44
30
92
115
211 47
30
82
115
211 266
30
82
92
115
211 535
30
82
212 12
30
92
115
212 45
30
92
115
212 535
30
214 54
54
214 70
4
214 137
4
54
214 328
54
215 54
93
215 137
93
106
215 464
106
216 197
64
109
216 198
109
216 242
109
216 487
23
64
216 531
23
64
216 626
23
64
217 146
110
123
217 163
26
31
217 164
29
217 223
29
217 393
26
29
217 400
26
31
110
123
217 402
31
217 414
31
217 439
110
123
217 448
26
29
31
217 460
29
110
123
218 162
126
218 188
97
126
218 223
97
126
218 353
97
218 392
126
218 413
126
218 414
97
218 447
97
219 220
17
27
48
77
85
88
95
110
123
219 397
123
219 449
27
48
77
85
88
95
110
219 582
17
123
126
220 219
17
27
48
77
85
88
95
110
123
220 580
27
48
77
85
88
95
110
123
220 581
123
220 582
17
123
221 24
9
43
123
221 162
26
221 189
9
26
43
123
221 445
9
43
123
221 560
9
123
221 580
9
26
123
222 122
17
41
222 148
9
41
222 154
41
222 171
9
17
41
222 188
17
222 295
9
17
222 374
41
223 83
56
90
97
223 163
49
56
223 165
49
56
119
223 188
97
119
126
223 217
29
223 218
97
126
223 414
97
223 706
97
224 105
24
78
224 558
78
224 575
7
224 609
24
78
224 621
24
224 622
7
224 650
7
224 664
24
78
224 666
7
24
225 243
44
74
77
225 505
44
64
74
77
225 507
64
225 508
44
64
74
77
226 193
4
226 233
4
93
226 247
4
93
226 753
93
226 754
93
226 770
4
227 125
46
227 249
8
46
227 250
8
46
227 364
8
46
228 8
12
18
118
228 59
120
228 252
12
18
118
120
228 254
12
120
228 503
18
120
228 659
12
229 16
5
82
229 103
70
82
229 104
82
229 309
5
61
70
82
229 625
70
82
229 668
5
70
82
229 669
5
70
230 25
40
104
230 113
100
230 258
40
230 259
40
104
230 310
40
100
104
230 341
100
230 359
40
100
230 360
100
104
231 85
32
49
53
55
56
59
96
97
99
101
121
231 291
49
101
231 336
32
96
121
231 337
32
121
231 772
49
56
232 103
19
30
34
70
80
81
88
115
232 104
19
30
34
65
81
92
94
115
232 157
19
26
30
34
47
65
70
77
80
81
88
92
94
115
116
117
232 158
19
26
30
34
47
65
70
77
80
81
88
92
94
115
116
117
232 625
19
26
30
34
70
77
80
81
88
115
233 199
4
9
89
93
233 226
4
93
233 247
4
9
89
93
233 311
9
234 196
89
234 198
57
89
91
234 570
57
89
91
235 236
12
18
66
120
235 253
12
76
235 523
66
235 569
12
18
66
76
120
235 642
12
76
236 235
12
18
66
120
236 252
12
18
66
118
120
236 253
12
118
236 523
66
236 600
12
118
236 659
12
66
237 5
89
237 291
89
101
237 292
101
237 316
89
237 317
89
237 338
89
101
238 643
100
238 644
100
238 677
2
238 688
2
100
238 723
2
100
238 727
100
238 728
100
238 741
2
239 109
14
239 177
24
122
239 208
24
122
239 209
122
239 323
14
122
239 466
14
37
239 467
122
239 615
24
239 742
24
37
122
240 18
30
240 19
7
30
240 82
30
40
82
240 575
7
240 576
7
30
40
82
240 610
5
7
78
240 632
5
78
82
240 633
30
78
82
240 634
30
78
240 649
2
7
240 724
2
5
40
241 48
5
241 319
102
241 357
30
82
102
241 535
5
30
82
102
241 536
5
242 198
57
91
109
242 216
109
242 497
57
91
109
242 572
57
91
242 573
57
91
243 225
44
74
77
243 504
44
74
77
243 505
44
74
77
244 416
74
244 417
44
79
244 419
44
79
244 420
44
74
79
244 452
44
74
245 419
57
245 420
57
245 477
57
245 504
57
245 506
57
246 10
57
123
246 132
57
246 139
123
246 140
123
246 495
57
123
246 496
57
123
247 193
4
247 199
4
9
89
93
247 204
9
247 226
4
93
247 233
4
9
89
93
248 96
8
87
248 125
46
87
248 249
8
46
87
249 96
8
87
249 125
46
87
249 227
8
46
249 248
8
46
87
250 125
46
250 227
8
46
250 364
8
46
251 173
21
27
29
76
95
251 471
21
44
45
251 490
44
45
95
251 491
27
29
44
45
95
251 492
21
44
45
251 526
21
27
29
251 642
21
76
95
252 8
12
18
118
252 228
12
18
118
120
252 236
12
18
66
118
120
252 253
12
118
252 254
12
120
252 523
66
252 600
12
118
252 659
12
66
253 173
76
253 235
12
76
253 236
12
118
253 252
12
118
253 569
12
76
253 600
12
118
253 642
12
76
254 59
1
60
120
254 228
12
120
254 252
12
120
254 485
1
12
60
254 503
1
120
254 641
1
12
60
120
254 659
12
254 661
1
60
120
254 662
1
12
60
255 263
13
109
255 315
52
109
255 333
13
109
255 368
13
109
255 552
52
256 116
4
7
78
256 119
78
256 361
7
78
256 362
7
256 363
4
256 750
4
78
257 23
7
257 117
3
78
257 619
3
78
257 620
7
257 623
7
257 665
78
257 748
3
78
257 749
3
78
258 128
54
78
258 138
6
7
33
40
54
258 230
40
258 259
7
40
54
78
258 359
6
40
54
258 361
7
33
78
258 745
33
78
258 750
33
78
259 25
7
39
40
104
259 93
39
50
104
259 128
39
50
54
78
104
259 230
40
104
259 258
7
40
54
78
259 310
39
40
104
259 359
40
54
260 123
68
84
260 200
46
84
260 261
46
68
260 290
46
68
84
261 123
11
68
261 200
46
261 202
11
46
261 260
46
68
261 262
11
46
262 3
46
262 123
11
262 202
11
46
262 203
46
262 261
11
46
263 255
13
109
263 333
13
109
263 368
13
89
109
264 85
53
55
96
264 265
53
55
96
264 334
55
96
264 335
55
96
264 336
96
264 588
55
264 589
53
55
265 85
53
55
96
121
265 264
53
55
96
265 334
55
96
265 335
55
96
121
265 336
96
121
266 46
30
102
115
266 47
30
82
102
115
266 65
30
102
115
266 211
30
82
92
115
266 356
30
115
266 535
30
82
102
267 40
107
267 41
28
107
267 43
28
267 319
107
267 340
107
267 358
28
107
268 294
33
40
268 325
33
40
268 326
33
40
268 362
33
40
268 363
40
269 95
68
269 125
46
68
269 342
8
46
269 364
8
46
68
270 99
5
63
82
83
108
270 104
19
30
34
65
81
82
92
94
115
270 206
5
19
30
34
65
81
82
83
92
94
108
115
270 207
15
108
270 271
63
270 289
15
63
270 307
19
30
34
65
81
92
94
115
270 308
63
270 744
5
15
82
108
271 107
63
271 270
63
271 272
63
271 289
63
271 308
63
272 107
63
87
272 167
63
87
272 271
63
272 308
63
272 743
87
272 797
87
273 110
49
101
273 111
49
56
273 274
23
49
101
273 280
23
273 281
23
101
273 344
23
49
56
273 369
101
273 685
23
273 766
23
273 774
23
274 273
23
49
101
274 275
49
101
274 279
101
274 280
23
274 281
23
101
274 344
23
49
274 384
49
275 274
49
101
275 276
2
49
101
275 278
101
275 279
2
101
275 344
49
275 383
2
49
275 384
2
49
276 275
2
49
101
276 277
49
101
276 278
101
276 279
2
101
276 296
49
276 383
2
49
276 384
2
49
277 20
41
101
277 276
49
101
277 278
101
277 296
41
49
277 383
49
277 408
41
49
277 433
41
49
101
277 435
41
101
278 20
101
278 275
101
278 276
101
278 277
101
278 279
101
279 274
101
279 275
2
101
279 276
2
101
279 278
101
279 282
2
279 283
2
280 273
23
280 274
23
280 281
23
280 282
23
281 110
101
281 273
23
101
281 274
23
101
281 280
23
281 282
23
281 369
101
282 279
2
282 280
23
282 281
23
282 283
2
71
282 332
71
282 431
2
282 432
2
23
283 20
71
283 279
2
283 282
2
71
283 431
2
283 432
2
284 61
22
284 134
4
284 285
4
22
284 390
4
284 453
4
22
285 61
22
61
63
285 98
4
61
285 284
4
22
285 390
4
63
285 453
4
22
63
285 455
4
22
61
286 297
14
286 372
14
286 515
14
287 298
84
287 299
84
287 300
63
84
287 301
63
287 542
84
288 61
6
288 74
108
288 134
108
288 303
6
122
288 304
6
122
288 305
6
108
288 438
122
288 462
122
288 522
6
289 99
63
289 147
15
289 270
15
63
289 271
63
289 308
63
289 309
15
290 123
68
84
290 200
46
84
290 260
46
68
84
290 754
46
68
291 5
89
291 85
49
101
291 231
49
101
291 237
89
101
291 338
49
89
101
291 772
49
89
291 773
49
89
292 181
84
101
109
292 237
101
292 318
84
101
109
292 338
101
292 343
84
101
109
292 381
109
292 382
109
293 179
54
84
108
293 321
54
84
108
293 322
54
293 349
84
108
293 467
84
293 547
54
84
294 137
4
100
294 268
33
40
294 325
4
33
40
100
294 326
33
40
100
294 328
100
294 362
33
40
294 363
4
40
295 24
9
295 188
17
119
295 222
9
17
295 352
9
17
295 375
119
295 413
17
296 276
49
296 277
41
49
296 383
49
56
296 408
41
49
56
296 433
41
49
296 789
41
56
296 790
41
297 178
24
54
63
297 179
54
297 286
14
297 301
63
297 372
14
54
297 437
24
54
63
297 480
24
54
63
297 481
54
63
297 515
14
63
297 516
63
298 179
84
298 287
84
298 299
84
298 300
84
299 179
84
299 287
84
299 298
84
299 300
84
299 349
84
300 149
61
84
300 287
63
84
300 298
84
300 299
84
300 454
63
300 542
61
84
300 543
84
301 287
63
301 297
63
301 515
63
302 57
37
104
302 78
104
302 81
37
104
106
302 113
106
302 303
37
302 341
106
302 354
37
106
302 360
104
106
303 79
122
303 288
6
122
303 302
37
303 304
6
37
122
303 305
6
303 354
6
37
303 459
6
37
304 288
6
122
304 303
6
37
122
304 305
6
304 354
6
37
304 410
37
304 438
37
122
304 459
6
37
304 462
122
305 61
6
22
305 288
6
108
305 303
6
305 304
6
305 306
22
108
111
305 522
6
22
111
305 595
111
306 56
22
306 57
104
306 79
104
306 305
22
108
111
306 522
22
111
306 595
104
111
306 596
104
307 104
19
30
34
65
81
92
94
115
307 270
19
30
34
65
81
92
94
115
308 107
61
63
308 147
61
308 270
63
308 271
63
308 272
63
308 289
63
309 16
5
82
83
309 147
15
61
309 229
5
61
70
82
309 289
15
309 651
15
70
309 668
5
70
82
309 669
5
15
70
83
310 25
39
40
104
310 130
39
40
310 230
40
100
104
310 259
39
40
104
310 341
39
100
310 360
100
104
310 442
39
40
100
310 458
39
100
311 199
9
311 233
9
312 6
1
60
312 59
1
60
312 661
1
60
313 333
13
313 377
13
313 378
13
313 379
13
314 377
13
66
314 379
13
66
314 485
1
60
66
314 524
1
60
66
314 594
1
13
60
314 629
13
314 662
1
60
66
315 255
52
109
315 368
89
109
316 5
89
316 237
89
316 317
71
89
316 348
71
316 382
71
316 570
71
89
317 5
89
317 237
89
317 316
71
89
317 337
32
317 570
57
71
89
318 110
11
14
101
318 181
84
101
109
318 292
84
101
109
318 343
84
101
109
318 369
14
101
318 381
11
14
109
319 30
102
107
319 40
102
107
319 41
107
319 52
107
319 241
102
319 267
107
320 69
93
122
320 71
93
122
320 370
108
122
320 385
108
320 386
93
320 548
122
320 549
108
321 179
54
84
108
321 293
54
84
108
321 349
84
108
321 370
108
321 385
108
321 467
84
321 547
54
84
321 548
54
322 179
54
322 293
54
322 372
54
323 177
108
122
323 179
108
323 239
14
122
323 372
14
108
324 22
40
93
324 115
40
324 137
93
100
324 325
40
100
324 363
40
324 371
40
100
324 424
100
325 22
40
325 137
4
100
325 268
33
40
325 294
4
33
40
100
325 324
40
100
325 328
100
325 363
4
40
326 114
100
326 138
33
40
54
100
326 268
33
40
326 294
33
40
100
326 327
54
100
326 328
54
100
326 362
33
40
327 114
100
106
327 138
54
100
327 326
54
100
327 328
54
100
106
327 410
106
327 459
106
327 463
106
328 137
54
100
106
328 214
54
328 294
100
328 325
100
328 326
54
100
328 327
54
100
106
328 463
106
329 2
46
99
119
329 11
8
19
31
42
99
113
119
124
329 96
8
42
85
113
329 125
46
329 192
31
46
85
329 367
8
19
31
42
99
124
329 373
8
19
31
42
46
85
99
113
124
330 121
26
101
330 163
26
49
330 331
26
101
330 400
26
330 403
26
49
101
330 470
49
101
331 120
44
71
123
331 121
26
101
331 330
26
101
331 346
44
71
101
123
331 347
44
71
123
331 403
26
101
331 469
101
123
331 470
101
123
331 479
26
44
71
331 513
26
44
71
332 282
71
332 348
71
332 369
14
332 382
14
71
332 497
14
333 255
13
109
333 263
13
109
333 313
13
333 378
13
334 264
55
96
334 265
55
96
334 335
55
96
334 588
55
334 589
55
335 264
55
96
335 265
55
96
121
335 334
55
96
336 85
32
96
121
336 231
32
96
121
336 264
96
336 265
96
121
336 337
32
121
337 85
32
121
337 231
32
121
337 317
32
337 336
32
121
338 5
89
338 237
89
101
338 291
49
89
101
338 292
101
338 343
49
101
338 772
49
89
338 773
49
89
338 800
49
339 356
30
115
339 488
30
112
115
340 41
107
340 267
107
340 358
107
341 80
39
106
341 81
39
106
341 230
100
341 302
106
341 310
39
100
341 360
100
106
341 442
39
100
341 458
39
100
342 95
2
342 125
2
46
342 269
8
46
342 365
8
46
343 181
84
101
109
343 182
49
84
109
343 292
84
101
109
343 318
84
101
109
343 338
49
101
343 763
49
84
109
343 800
49
344 273
23
49
56
344 274
23
49
344 275
49
344 384
49
56
344 685
23
344 766
23
345 2
119
345 375
119
346 26
44
71
101
346 120
44
71
123
346 331
44
71
101
123
346 347
44
71
123
346 426
101
346 469
101
123
346 470
101
123
347 120
25
44
71
123
347 331
44
71
123
347 346
44
71
123
347 479
25
44
71
347 513
25
44
71
348 316
71
348 332
71
348 382
11
71
109
348 497
109
348 570
71
349 179
84
108
349 293
84
108
349 299
84
349 321
84
108
349 370
108
349 385
108
352 24
9
31
352 162
17
31
352 295
9
17
352 413
17
31
352 445
9
17
31
353 161
97
353 218
97
353 392
31
353 414
31
97
353 447
31
97
354 113
106
354 114
6
106
354 302
37
106
354 303
6
37
354 304
6
37
354 360
106
354 459
6
37
106
355 146
38
110
355 398
29
38
97
110
355 399
29
38
48
95
97
110
355 404
29
38
48
95
110
355 449
48
95
97
110
356 65
30
115
356 266
30
115
356 339
30
115
356 357
30
356 488
30
115
357 46
30
102
357 47
30
82
102
357 48
28
357 65
28
30
102
357 241
30
82
102
357 356
30
357 488
30
357 535
30
82
102
358 29
3
16
28
358 31
3
16
28
358 41
3
28
107
358 267
28
107
358 340
107
359 113
100
359 114
6
100
359 138
6
40
54
100
359 230
40
100
359 258
6
40
54
359 259
40
54
359 360
100
360 81
104
106
360 113
100
106
360 230
100
104
360 302
104
106
360 310
100
104
360 341
100
106
360 354
106
360 359
100
361 138
7
33
361 256
7
78
361 258
7
33
78
361 362
7
33
361 745
33
78
361 750
33
78
362 138
7
33
40
362 256
7
362 268
33
40
362 294
33
40
362 326
33
40
362 361
7
33
363 22
40
363 116
4
363 256
4
363 268
40
363 294
4
40
363 324
40
363 325
4
40
364 95
68
364 125
46
68
364 227
8
46
364 250
8
46
364 269
8
46
68
364 759
68
365 3
8
46
365 95
24
365 125
24
46
365 203
46
365 342
8
46
366 11
19
31
42
48
88
99
110
124
366 91
19
27
30
31
34
36
42
43
47
48
51
54
67
68
69
82
86
88
95
99
110
114
115
124
366 158
19
26
30
31
34
47
51
77
81
88
110
115
366 367
19
26
27
31
42
43
48
77
88
95
99
110
123
124
366 579
19
26
27
30
31
34
47
48
51
54
68
69
77
81
82
88
99
110
114
115
123
367 11
8
19
31
42
48
88
99
110
124
367 91
19
27
31
42
43
48
88
95
99
110
124
367 329
8
19
31
42
99
124
367 366
19
26
27
31
42
43
48
77
88
95
99
110
123
124
367 373
8
19
26
27
31
42
43
48
77
88
95
99
110
123
124
368 255
13
109
368 263
13
89
109
368 315
89
109
369 110
14
101
369 273
101
369 281
101
369 318
14
101
369 332
14
369 381
14
369 382
14
370 71
122
370 320
108
122
370 321
108
370 349
108
370 385
108
370 547
122
370 548
122
371 22
40
371 109
40
84
100
371 115
40
371 137
100
371 324
40
100
371 424
84
100
371 623
40
372 177
108
372 178
54
108
372 179
54
108
372 286
14
372 297
14
54
372 322
54
372 323
14
108
373 11
8
19
31
42
48
88
99
110
113
124
373 192
26
27
31
43
46
48
77
85
88
95
110
123
373 329
8
19
31
42
46
85
99
113
124
373 367
8
19
26
27
31
42
43
48
77
88
95
99
110
123
124
374 2
41
374 154
41
374 222
41
375 295
119
375 345
119
377 313
13
377 314
13
66
377 378
13
120
377 379
13
66
377 641
12
120
377 661
120
377 662
12
66
378 313
13
378 333
13
378 377
13
120
378 379
13
379 313
13
379 314
13
66
379 377
13
66
379 378
13
379 629
13
379 662
66
380 133
27
29
44
48
71
95
380 151
27
29
44
48
71
74
380 415
44
71
74
380 450
74
380 451
27
29
44
74
95
380 452
27
29
44
74
381 292
109
381 318
11
14
109
381 369
14
381 382
11
14
109
382 292
109
382 316
71
382 332
14
71
382 348
11
71
109
382 369
14
382 381
11
14
109
383 275
2
49
383 276
2
49
383 277
49
383 296
49
56
383 384
2
49
56
383 788
2
383 789
2
56
384 274
49
384 275
2
49
384 276
2
49
384 344
49
56
384 383
2
49
56
384 788
2
384 789
2
56
385 320
108
385 321
108
385 349
108
385 370
108
386 320
93
386 389
93
387 72
108
387 75
108
387 134
108
387 549
108
389 386
93
389 454
93
390 134
4
390 284
4
390 285
4
63
390 421
63
390 453
4
63
391 395
73
100
391 441
7
40
73
391 443
40
73
100
391 444
40
100
391 456
100
391 457
73
100
392 161
126
392 162
31
126
392 218
126
392 353
31
392 413
31
126
393 164
29
393 217
26
29
393 446
26
393 448
26
29
395 80
72
106
395 136
72
106
395 391
73
100
395 396
73
106
395 423
73
395 442
72
100
395 443
72
73
100
395 457
73
100
106
395 458
72
100
396 135
37
73
396 136
37
106
396 395
73
106
396 423
73
396 457
73
106
397 219
123
397 460
123
397 582
123
398 146
38
110
398 355
29
38
97
110
398 449
97
110
398 460
29
97
110
399 355
29
38
48
95
97
110
399 404
27
29
38
48
77
85
88
95
110
399 449
27
48
77
85
88
95
97
110
400 153
56
85
110
123
125
400 163
26
31
56
400 217
26
31
110
123
400 330
26
400 401
26
56
400 402
31
56
400 403
26
31
400 439
110
123
400 469
110
123
125
400 470
110
123
125
401 163
26
56
401 400
26
56
401 402
56
402 163
31
49
56
402 217
31
402 400
31
56
402 401
56
403 121
26
31
101
403 163
26
31
49
403 330
26
49
101
403 331
26
101
403 400
26
31
404 355
29
38
48
95
110
404 399
27
29
38
48
77
85
88
95
110
404 498
10
38
404 499
10
29
85
404 500
10
27
29
48
77
85
88
95
110
405 0
31
57
64
405 10
26
57
405 139
64
405 406
26
64
405 427
26
31
64
405 474
26
31
57
405 494
31
57
405 495
26
57
406 139
64
123
406 140
64
123
406 405
26
64
406 427
26
64
406 428
123
406 429
26
123
407 20
41
407 409
41
407 431
79
407 511
41
79
407 556
79
407 571
41
79
408 21
49
408 112
49
56
408 277
41
49
408 296
41
49
56
408 433
41
49
408 767
56
408 789
41
56
408 790
41
409 20
41
71
409 407
41
409 434
87
409 435
41
87
409 478
71
87
91
409 510
87
91
409 511
41
87
91
410 106
37
410 114
106
410 304
37
410 327
106
410 438
37
410 459
37
106
410 463
37
106
412 129
100
106
412 444
100
412 456
100
106
413 162
17
31
126
413 188
17
126
413 218
126
413 295
17
413 352
17
31
413 392
31
126
413 445
17
31
414 188
97
414 217
31
414 218
97
414 223
97
414 353
31
97
414 447
31
97
414 448
31
415 120
44
71
74
415 133
44
71
415 380
44
71
74
415 450
74
415 451
44
74
416 141
48
74
77
416 244
74
416 420
48
74
77
416 452
74
417 187
27
29
79
417 244
44
79
417 418
79
417 419
27
29
44
79
417 451
27
29
44
417 452
27
29
44
418 187
79
95
418 417
79
418 419
79
418 450
79
418 451
95
419 187
27
29
57
79
419 244
44
79
419 245
57
419 417
27
29
44
79
419 418
79
419 477
57
419 506
27
29
57
420 244
44
74
79
420 245
57
420 416
48
74
77
420 504
44
48
57
74
77
421 390
63
421 453
63
421 454
63
422 149
22
61
70
93
422 453
22
422 455
22
61
70
423 395
73
423 396
73
423 457
73
424 109
84
100
106
424 137
100
106
424 324
100
424 371
84
100
424 464
106
424 465
84
106
424 466
84
106
425 26
101
425 133
101
425 153
10
38
110
125
425 426
10
38
49
101
110
125
425 468
49
101
110
125
425 476
10
38
49
125
425 502
10
38
125
426 26
101
426 153
10
38
110
125
426 346
101
426 425
10
38
49
101
110
125
426 469
49
101
110
125
426 502
10
38
125
427 0
31
64
427 139
64
427 186
31
64
427 405
26
31
64
427 406
26
64
427 429
26
427 553
26
31
428 139
123
428 140
123
428 406
123
428 429
44
45
123
428 471
44
45
123
429 406
26
123
429 427
26
429 428
44
45
123
429 471
44
45
123
429 553
26
44
45
429 554
26
44
45
123
430 132
25
57
64
95
430 187
25
27
29
57
95
430 472
27
29
64
95
430 477
25
57
430 489
64
95
430 492
25
64
430 506
25
27
29
57
95
430 507
25
64
431 282
2
431 283
2
431 407
79
431 432
2
79
431 556
2
79
431 571
79
431 572
2
432 282
2
23
432 283
2
432 431
2
79
432 556
2
79
432 572
2
23
433 20
41
101
433 21
49
101
433 112
49
433 277
41
49
101
433 296
41
49
433 408
41
49
433 435
41
101
434 21
87
101
434 121
101
119
434 165
101
119
434 409
87
434 435
87
101
434 478
87
434 512
119
435 20
41
101
435 21
87
101
435 277
41
101
435 409
41
87
435 433
41
101
435 434
87
101
435 478
87
437 178
24
54
63
437 208
24
437 297
24
54
63
437 480
24
54
63
437 481
54
63
438 106
37
122
438 288
122
438 304
37
122
438 410
37
438 459
37
438 462
122
438 463
37
439 146
38
110
123
439 153
38
110
123
439 217
110
123
439 400
110
123
439 440
38
440 146
38
440 153
38
440 439
38
440 498
38
440 502
38
441 130
7
40
72
441 391
7
40
73
441 442
40
72
441 443
40
72
73
442 25
39
40
442 130
39
40
72
442 310
39
40
100
442 341
39
100
442 395
72
100
442 441
40
72
442 443
40
72
100
442 458
39
72
100
443 130
40
72
443 391
40
73
100
443 395
72
73
100
443 441
40
72
73
443 442
40
72
100
443 457
73
100
443 458
72
100
444 129
40
100
444 391
40
100
444 412
100
444 456
100
444 457
100
445 24
9
31
43
123
445 162
17
31
445 189
9
43
123
445 221
9
43
123
445 352
9
17
31
445 413
17
31
446 160
26
446 161
26
97
446 164
97
446 393
26
446 447
97
446 448
26
447 161
97
447 218
97
447 353
31
97
447 414
31
97
447 446
97
447 448
31
448 217
26
29
31
448 393
26
29
448 414
31
448 446
26
448 447
31
449 219
27
48
77
85
88
95
110
449 355
48
95
97
110
449 398
97
110
449 399
27
48
77
85
88
95
97
110
450 120
74
79
450 187
79
450 380
74
450 415
74
450 418
79
450 451
74
451 151
27
29
44
74
451 380
27
29
44
74
95
451 415
44
74
451 417
27
29
44
451 418
95
451 450
74
451 452
27
29
44
74
452 141
74
452 151
27
29
44
74
452 244
44
74
452 380
27
29
44
74
452 416
74
452 417
27
29
44
452 451
27
29
44
74
453 98
4
453 284
4
22
453 285
4
22
63
453 390
4
63
453 421
63
453 422
22
453 455
4
22
454 149
93
454 300
63
454 389
93
454 421
63
455 98
4
61
70
455 285
4
22
61
455 422
22
61
70
455 453
4
22
455 583
4
456 391
100
456 412
100
106
456 444
100
456 457
100
106
457 391
73
100
457 395
73
100
106
457 396
73
106
457 423
73
457 443
73
100
457 444
100
457 456
100
106
458 80
39
72
458 81
39
458 136
72
458 310
39
100
458 341
39
100
458 395
72
100
458 442
39
72
100
458 443
72
100
459 114
6
106
459 303
6
37
459 304
6
37
459 327
106
459 354
6
37
106
459 410
37
106
459 438
37
460 146
110
123
460 164
29
97
460 217
29
110
123
460 397
123
460 398
29
97
110
461 475
24
61
70
461 480
24
61
461 517
61
70
461 518
24
461 519
70
461 546
24
462 73
4
122
462 75
4
462 106
4
122
462 288
122
462 304
122
462 438
122
463 70
37
463 106
37
463 137
106
463 327
106
463 328
106
463 410
37
106
463 438
37
464 54
37
464 71
37
464 137
106
464 215
106
464 424
106
464 465
37
106
464 548
37
465 424
84
106
465 464
37
106
465 466
37
84
106
465 467
84
465 547
84
466 109
14
84
106
466 239
14
37
466 424
84
106
466 465
37
84
106
466 467
84
466 547
84
467 239
122
467 293
84
467 321
84
467 465
84
467 466
84
467 547
84
122
468 26
101
468 133
27
29
48
77
95
101
468 425
49
101
110
125
468 476
49
125
468 501
27
29
48
49
77
95
110
125
469 153
110
123
125
469 331
101
123
469 346
101
123
469 400
110
123
125
469 426
49
101
110
125
469 470
49
101
110
123
125
470 153
110
123
125
470 330
49
101
470 331
101
123
470 346
101
123
470 400
110
123
125
470 469
49
101
110
123
125
471 132
64
471 140
64
123
471 251
21
44
45
471 428
44
45
123
471 429
44
45
123
471 489
64
471 490
44
45
471 554
12
21
44
45
123
471 566
12
21
44
45
123
471 642
12
21
472 132
64
95
472 430
27
29
64
95
472 489
64
95
472 490
95
472 491
27
29
95
472 492
64
472 507
64
473 474
26
31
79
473 479
26
74
473 493
31
74
79
473 494
31
79
473 495
26
79
473 512
31
74
473 513
26
31
74
473 514
26
74
79
474 0
31
57
474 10
26
57
474 405
26
31
57
474 473
26
31
79
474 493
31
79
474 494
31
57
79
474 495
26
57
79
474 514
26
79
475 461
24
61
70
475 480
24
61
475 518
24
475 540
61
70
475 546
24
476 425
10
38
49
125
476 468
49
125
476 499
10
56
85
476 501
10
49
56
85
125
476 502
10
38
56
85
125
477 245
57
477 419
57
477 430
25
57
477 492
25
477 506
25
57
477 507
25
478 409
71
87
91
478 434
87
478 435
87
478 510
87
91
478 511
87
91
478 512
71
91
479 120
25
44
71
74
479 121
26
479 331
26
44
71
479 347
25
44
71
479 473
26
74
479 513
25
26
44
71
74
479 514
26
74
480 178
24
54
63
480 297
24
54
63
480 437
24
54
63
480 461
24
61
480 475
24
61
480 481
2
54
63
480 482
2
54
61
63
480 483
54
480 516
63
480 517
2
61
481 108
2
54
63
481 178
54
63
481 297
54
63
481 437
54
63
481 480
2
54
63
481 482
2
54
63
482 108
2
54
61
63
482 480
2
54
61
63
482 481
2
54
63
482 483
54
482 517
2
61
483 108
54
70
483 480
54
483 482
54
483 484
70
483 517
70
483 519
70
483 520
70
484 62
2
484 108
2
22
70
484 483
70
484 517
2
70
484 519
2
22
70
484 520
22
70
484 578
2
485 254
1
12
60
485 314
1
60
66
485 523
66
485 524
1
60
66
485 641
1
12
60
485 659
12
66
485 662
1
12
60
66
486 528
57
60
91
486 529
41
60
486 530
41
486 555
91
486 571
41
91
486 574
41
57
91
487 216
23
64
487 530
64
487 531
23
64
487 532
64
487 626
23
64
488 48
5
488 51
0
20
75
488 339
30
112
115
488 356
30
115
488 357
30
489 132
64
95
489 140
64
489 430
64
95
489 471
64
489 472
64
95
489 490
95
489 491
95
490 251
44
45
95
490 471
44
45
490 472
95
490 489
95
490 491
44
45
95
491 251
27
29
44
45
95
491 472
27
29
95
491 489
95
491 490
44
45
95
491 492
44
45
492 174
25
44
64
74
492 251
21
44
45
492 430
25
64
492 472
64
492 477
25
492 491
44
45
492 507
25
64
492 509
25
44
45
64
74
492 525
74
492 526
21
74
493 473
31
74
79
493 474
31
79
493 494
31
79
119
493 510
79
493 512
31
74
119
493 513
31
74
494 0
31
57
60
119
494 405
31
57
494 473
31
79
494 474
31
57
79
494 493
31
79
119
494 510
79
494 528
57
60
119
495 10
26
57
123
495 120
79
123
495 246
57
123
495 405
26
57
495 473
26
79
495 474
26
57
79
495 496
57
79
123
495 514
26
79
496 10
57
123
496 120
25
79
123
496 132
25
57
496 187
25
57
79
496 246
57
123
496 495
57
79
123
496 514
79
497 198
57
91
109
497 242
57
91
109
497 332
14
497 348
109
497 570
57
91
497 572
57
91
497 573
57
91
498 146
38
498 153
10
38
56
498 404
10
38
498 440
38
498 499
10
56
498 502
10
38
56
499 404
10
29
85
499 476
10
56
85
499 498
10
56
499 500
10
29
56
85
499 501
10
29
56
85
499 502
10
56
85
500 404
10
27
29
48
77
85
88
95
110
500 499
10
29
56
85
500 501
10
27
29
48
56
77
85
88
95
110
501 468
27
29
48
49
77
95
110
125
501 476
10
49
56
85
125
501 499
10
29
56
85
501 500
10
27
29
48
56
77
85
88
95
110
502 153
10
38
56
85
125
502 425
10
38
125
502 426
10
38
125
502 440
38
502 476
10
38
56
85
125
502 498
10
38
56
502 499
10
56
85
503 8
1
18
503 59
1
120
503 205
1
503 228
18
120
503 254
1
120
504 174
44
74
77
504 243
44
74
77
504 245
57
504 420
44
48
57
74
77
504 505
44
74
77
504 508
44
74
77
504 704
77
505 225
44
64
74
77
505 243
44
74
77
505 504
44
74
77
505 508
44
64
74
77
506 187
25
27
29
57
95
506 245
57
506 419
27
29
57
506 430
25
27
29
57
95
506 477
25
57
507 174
25
64
507 225
64
507 430
25
64
507 472
64
507 477
25
507 492
25
64
507 508
64
508 174
44
64
74
77
508 225
44
64
74
77
508 504
44
74
77
508 505
44
64
74
77
508 507
64
509 174
25
44
64
74
77
509 492
25
44
45
64
74
509 525
74
509 527
25
77
509 704
25
77
510 409
87
91
510 478
87
91
510 493
79
510 494
79
510 511
79
87
91
510 512
91
510 555
87
91
510 571
79
87
91
511 20
41
511 407
41
79
511 409
41
87
91
511 478
87
91
511 510
79
87
91
511 571
41
79
87
91
512 121
31
119
512 434
119
512 473
31
74
512 478
71
91
512 493
31
74
119
512 510
91
512 513
25
31
44
71
74
91
513 121
26
31
513 331
26
44
71
513 347
25
44
71
513 473
26
31
74
513 479
25
26
44
71
74
513 493
31
74
513 512
25
31
44
71
74
91
513 514
26
74
514 120
74
79
514 473
26
74
79
514 474
26
79
514 479
26
74
514 495
26
79
514 496
79
514 513
26
74
515 286
14
515 297
14
63
515 301
63
515 516
63
515 540
14
515 541
14
516 297
63
516 480
63
516 515
63
517 461
61
70
517 480
2
61
517 482
2
61
517 483
70
517 484
2
70
517 519
2
70
518 36
24
518 461
24
518 475
24
518 519
22
518 546
22
24
518 578
24
519 62
2
519 461
70
519 483
70
519 484
2
22
70
519 517
2
70
519 518
22
519 578
2
520 108
22
70
520 483
70
520 484
22
70
520 521
22
70
521 62
86
87
521 108
22
54
70
86
87
521 520
22
70
522 61
6
22
63
522 288
6
522 305
6
22
111
522 306
22
111
522 595
63
111
522 598
63
111
522 599
6
63
111
523 235
66
523 236
66
523 252
66
523 485
66
523 524
66
523 569
66
523 659
66
524 314
1
60
66
524 485
1
60
66
524 523
66
524 592
1
60
524 593
1
60
524 594
1
60
524 659
66
524 662
1
60
66
525 173
74
525 492
74
525 509
74
525 526
74
526 173
21
27
29
74
526 251
21
27
29
526 492
21
74
526 525
74
527 509
25
77
527 601
77
527 704
25
77
527 714
25
77
528 0
57
60
64
119
528 186
64
119
528 486
57
60
91
528 494
57
60
119
528 529
60
64
119
528 532
60
64
119
528 555
87
91
528 607
60
64
119
529 486
41
60
529 528
60
64
119
529 530
41
64
119
529 532
60
64
119
529 574
41
529 607
60
64
119
530 486
41
530 487
64
530 529
41
64
119
530 531
2
64
530 532
2
64
119
530 574
2
41
531 216
23
64
531 487
23
64
531 530
2
64
531 532
2
64
531 557
2
531 573
2
23
531 574
2
531 626
23
64
532 150
60
532 194
2
532 487
64
532 528
60
64
119
532 529
60
64
119
532 530
2
64
119
532 531
2
64
532 607
60
64
119
532 630
60
532 631
2
533 157
65
70
92
94
110
116
533 158
22
31
51
65
70
92
94
110
116
534 168
19
30
34
92
94
115
534 682
19
30
34
92
94
115
534 725
19
30
34
92
94
115
535 12
30
82
535 44
30
535 45
30
535 47
30
82
102
535 211
30
82
535 212
30
535 241
5
30
82
102
535 266
30
82
102
535 357
30
82
102
535 536
5
535 537
5
535 538
5
82
536 42
58
536 241
5
536 535
5
536 537
5
58
536 538
5
58
536 663
58
537 42
58
537 535
5
537 536
5
58
537 538
5
24
58
537 539
5
537 563
5
24
537 663
24
58
538 12
82
538 143
58
82
538 144
58
538 535
5
82
538 536
5
58
538 537
5
24
58
538 539
5
82
538 563
5
24
539 143
82
539 159
82
103
539 537
5
539 538
5
82
539 563
5
103
539 609
5
103
539 632
5
82
539 633
82
103
540 475
61
70
540 515
14
540 541
14
61
70
540 545
14
541 515
14
541 540
14
61
70
541 542
61
70
541 545
14
542 176
84
542 287
84
542 300
61
84
542 541
61
70
542 543
70
84
543 149
22
70
84
543 176
22
84
543 300
84
543 542
70
84
543 544
22
544 176
22
544 543
22
544 545
22
545 36
14
545 540
14
545 541
14
545 544
22
545 546
22
546 36
24
546 461
24
546 475
24
546 518
22
24
546 545
22
546 578
24
547 293
54
84
547 321
54
84
547 370
122
547 465
84
547 466
84
547 467
84
122
547 548
54
122
548 54
37
54
548 71
37
54
122
548 320
122
548 321
54
548 370
122
548 464
37
548 547
54
122
549 72
108
549 320
108
549 387
108
550 63
50
550 654
35
550 733
35
550 734
35
50
551 601
21
551 602
25
551 714
21
25
551 786
21
25
552 255
52
552 608
52
552 628
52
552 660
52
553 0
31
553 186
1
12
13
18
21
31
44
45
52
66
76
98
120
553 427
26
31
553 429
26
44
45
553 554
12
21
26
44
45
553 566
12
18
21
26
44
45
52
66
76
120
553 567
1
13
98
554 429
26
44
45
123
554 471
12
21
44
45
123
554 553
12
21
26
44
45
554 566
12
21
26
44
45
123
555 486
91
555 510
87
91
555 528
87
91
555 571
87
91
556 407
79
556 431
2
79
556 432
2
79
556 557
2
57
91
556 571
79
91
556 572
2
57
91
556 573
2
57
91
556 574
2
57
91
557 531
2
557 556
2
57
91
557 572
2
57
91
557 573
2
57
91
557 574
2
57
91
558 105
78
558 224
78
558 609
5
78
558 610
5
78
558 632
5
78
559 192
27
48
77
85
88
95
110
559 580
27
48
77
85
88
95
110
560 162
17
560 189
9
123
560 221
9
123
560 580
9
123
560 581
9
123
560 582
17
123
560 624
17
561 564
61
104
561 584
70
111
561 598
61
104
111
561 599
61
111
561 670
61
70
104
561 671
70
104
561 672
70
104
111
561 693
70
111
562 84
97
562 199
89
562 590
89
97
562 639
97
99
562 696
89
97
99
562 697
89
97
99
563 105
24
103
563 537
5
24
563 538
5
24
563 539
5
103
563 609
5
24
103
563 632
5
563 663
24
103
564 561
61
104
564 595
63
104
564 596
39
63
104
564 598
61
63
104
564 670
39
61
104
565 590
97
565 603
32
97
565 604
32
97
565 605
32
97
565 696
97
566 186
12
18
21
44
45
52
66
76
120
566 471
12
21
44
45
123
566 553
12
18
21
26
44
45
52
66
76
120
566 554
12
21
26
44
45
123
566 569
12
18
52
66
76
120
566 642
12
21
76
567 186
1
13
98
567 553
1
13
98
567 592
1
13
98
567 630
1
13
98
568 569
52
568 592
52
569 235
12
18
66
76
120
569 253
12
76
569 523
66
569 566
12
18
52
66
76
120
569 568
52
569 642
12
76
570 198
57
89
91
570 234
57
89
91
570 316
71
89
570 317
57
71
89
570 348
71
570 497
57
91
571 407
41
79
571 431
79
571 486
41
91
571 510
79
87
91
571 511
41
79
87
91
571 555
87
91
571 556
79
91
571 574
41
91
572 242
57
91
572 431
2
572 432
2
23
572 497
57
91
572 556
2
57
91
572 557
2
57
91
572 573
2
23
57
91
573 242
57
91
573 497
57
91
573 531
2
23
573 556
2
57
91
573 557
2
57
91
573 572
2
23
57
91
573 574
2
57
91
574 486
41
57
91
574 529
41
574 530
2
41
574 531
2
574 556
2
57
91
574 557
2
57
91
574 571
41
91
574 573
2
57
91
575 224
7
575 240
7
575 610
7
575 649
7
575 650
7
576 19
7
30
576 82
30
40
82
576 240
7
30
40
82
576 635
7
40
576 689
30
40
82
577 61
6
577 98
70
577 584
70
577 599
6
577 693
70
577 694
6
70
578 36
24
578 62
2
69
578 89
24
69
578 484
2
578 518
24
578 519
2
578 546
24
579 91
19
27
30
31
34
47
48
51
54
65
68
69
82
88
92
94
99
110
114
115
116
117
579 158
19
26
30
31
34
47
51
65
77
81
88
92
94
110
115
116
117
579 366
19
26
27
30
31
34
47
48
51
54
68
69
77
81
82
88
99
110
114
115
123
579 625
19
26
30
31
34
77
81
82
88
99
115
579 668
31
82
99
580 189
9
26
123
580 190
26
123
580 220
27
48
77
85
88
95
110
123
580 221
9
26
123
580 559
27
48
77
85
88
95
110
580 560
9
123
580 581
9
123
581 220
123
581 560
9
123
581 580
9
123
581 582
123
582 219
17
123
126
582 220
17
123
582 397
123
582 560
17
123
582 581
123
582 624
17
126
583 98
4
583 455
4
583 657
4
583 658
4
584 561
70
111
584 577
70
584 598
111
584 599
111
584 672
70
111
584 693
70
111
584 694
70
585 8
1
585 9
1
585 173
1
585 786
1
25
586 85
53
55
59
99
586 587
59
99
586 588
55
586 589
53
55
586 606
53
55
59
99
587 586
59
99
588 264
55
588 334
55
588 586
55
588 589
55
589 85
53
55
589 264
53
55
589 334
55
589 586
53
55
589 588
55
589 606
53
55
590 199
89
590 562
89
97
590 565
97
590 605
97
590 696
89
97
591 150
1
13
60
98
591 194
2
98
591 592
1
13
60
98
591 593
1
2
13
60
591 626
98
591 627
2
98
591 630
1
13
60
98
591 631
2
98
592 150
1
13
60
98
592 186
1
13
52
98
592 524
1
60
592 567
1
13
98
592 568
52
592 591
1
13
60
98
592 593
1
13
52
60
592 594
1
13
52
60
592 630
1
13
60
98
593 524
1
60
593 591
1
2
13
60
593 592
1
13
52
60
593 594
1
2
13
52
60
593 627
2
52
593 629
2
13
52
594 314
1
13
60
594 524
1
60
594 592
1
13
52
60
594 593
1
2
13
52
60
594 629
2
13
52
595 305
111
595 306
104
111
595 522
63
111
595 564
63
104
595 596
63
104
595 598
63
104
111
595 599
63
111
596 56
39
596 76
39
72
596 136
72
596 306
104
596 564
39
63
104
596 595
63
104
596 597
63
72
596 598
63
104
597 76
72
597 135
73
597 136
72
597 596
63
72
598 522
63
111
598 561
61
104
111
598 564
61
63
104
598 584
111
598 595
63
104
111
598 596
63
104
598 599
61
63
111
598 670
61
104
599 61
6
61
63
599 522
6
63
111
599 561
61
111
599 577
6
599 584
111
599 595
63
111
599 598
61
63
111
600 8
12
118
600 236
12
118
600 252
12
118
600 253
12
118
601 173
21
601 527
77
601 551
21
601 704
21
77
601 714
21
77
602 551
25
602 786
25
603 565
32
97
603 604
32
97
603 605
32
97
604 172
32
97
604 565
32
97
604 603
32
97
604 605
32
97
605 172
32
97
605 565
32
97
605 590
97
605 603
32
97
605 604
32
97
605 696
97
606 85
53
55
59
99
606 172
53
55
59
99
606 586
53
55
59
99
606 589
53
55
607 150
60
607 186
64
119
607 528
60
64
119
607 529
60
64
119
607 532
60
64
119
607 630
60
608 552
52
608 628
52
608 629
52
608 660
52
609 105
24
78
103
609 224
24
78
609 539
5
103
609 558
5
78
609 563
5
24
103
609 610
5
78
609 632
5
78
609 663
24
103
610 240
5
7
78
610 558
5
78
610 575
7
610 609
5
78
610 632
5
78
610 633
78
610 649
7
611 123
9
84
611 195
17
84
611 199
9
611 638
9
17
84
611 639
17
612 109
14
40
100
612 613
100
612 621
40
612 622
14
40
612 623
40
612 643
40
100
612 644
100
612 645
14
100
613 612
100
613 643
24
100
613 644
24
100
613 645
100
613 647
24
614 109
14
106
614 615
106
614 645
14
614 646
106
615 109
106
615 239
24
615 614
106
615 646
106
615 647
24
106
615 648
24
106
615 742
24
616 651
70
617 66
39
104
114
617 67
104
617 671
39
104
617 672
104
617 673
104
114
618 658
114
618 674
114
618 715
114
618 716
114
618 731
114
619 14
3
619 27
3
78
103
619 28
3
103
619 64
3
619 166
3
103
619 257
3
78
619 665
78
619 748
3
78
620 257
7
620 622
7
620 623
7
620 666
7
621 224
24
621 612
40
621 622
40
621 643
24
40
621 650
40
621 666
24
621 688
40
622 109
14
40
622 224
7
622 612
14
40
622 620
7
622 621
40
622 623
7
40
622 643
40
622 666
7
14
623 109
40
623 115
40
623 257
7
623 371
40
623 612
40
623 620
7
623 622
7
40
623 666
7
624 162
17
126
624 560
17
624 582
17
126
625 91
19
30
31
34
80
82
88
99
115
625 103
19
30
34
70
80
81
82
88
115
625 157
19
26
30
34
70
77
80
81
88
115
625 158
19
22
26
30
31
34
70
77
80
81
88
115
625 229
70
82
625 232
19
26
30
34
70
77
80
81
88
115
625 579
19
26
30
31
34
77
81
82
88
99
115
625 668
22
31
70
80
82
99
626 216
23
64
626 487
23
64
626 531
23
64
626 591
98
626 627
98
626 628
23
98
626 631
98
627 591
2
98
627 593
2
52
627 626
98
627 628
52
98
627 629
2
52
627 631
2
98
628 552
52
628 608
52
628 626
23
98
628 627
52
98
628 629
52
628 660
52
629 314
13
629 379
13
629 593
2
13
52
629 594
2
13
52
629 608
52
629 627
2
52
629 628
52
630 150
1
13
60
98
630 186
1
13
98
630 532
60
630 567
1
13
98
630 591
1
13
60
98
630 592
1
13
60
98
630 607
60
631 194
2
98
631 532
2
631 591
2
98
631 626
98
631 627
2
98
632 159
82
632 240
5
78
82
632 539
5
82
632 558
5
78
632 563
5
632 609
5
78
632 610
5
78
632 633
78
82
633 18
30
633 92
19
30
103
633 159
19
30
82
103
633 240
30
78
82
633 539
82
103
633 610
78
633 632
78
82
633 634
19
30
78
634 18
30
634 92
19
30
34
92
115
634 240
30
78
634 633
19
30
78
634 635
19
34
78
92
115
635 19
7
34
94
635 82
40
635 576
7
40
635 634
19
34
78
92
115
635 689
19
34
40
92
94
115
636 172
99
636 696
89
99
636 697
89
99
636 791
89
637 1
9
17
99
637 123
9
11
637 195
11
17
99
637 638
9
17
637 640
11
17
99
638 123
9
84
638 195
17
84
638 199
9
638 611
9
17
84
638 637
9
17
638 639
17
638 640
17
639 84
97
639 155
99
639 195
17
99
639 562
97
99
639 611
17
639 638
17
639 697
97
99
640 84
11
640 155
11
99
640 195
11
17
99
640 637
11
17
99
640 638
17
640 686
11
641 59
1
60
120
641 254
1
12
60
120
641 377
12
120
641 485
1
12
60
641 661
1
60
120
641 662
1
12
60
642 173
21
76
95
642 235
12
76
642 251
21
76
95
642 253
12
76
642 471
12
21
642 566
12
21
76
642 569
12
76
643 238
100
643 612
40
100
643 613
24
100
643 621
24
40
643 622
40
643 644
24
100
643 650
40
643 688
40
100
644 238
100
644 612
100
644 613
24
100
644 643
24
100
644 647
24
644 688
100
645 109
14
100
645 612
14
100
645 613
100
645 614
14
646 109
106
646 614
106
646 615
106
646 647
106
646 648
106
647 613
24
647 615
24
106
647 644
24
647 646
106
647 648
24
106
647 710
106
647 741
106
648 615
24
106
648 646
106
648 647
24
106
648 710
106
648 742
24
649 240
2
7
649 575
7
649 610
7
649 650
7
649 688
2
649 723
2
649 724
2
650 224
7
650 575
7
650 621
40
650 643
40
650 649
7
650 688
40
650 723
40
651 91
15
80
651 108
22
70
651 147
15
651 309
15
70
651 616
70
651 669
15
22
70
80
651 783
80
653 656
105
654 550
35
654 732
35
654 733
35
655 656
72
105
655 692
105
655 698
72
655 778
72
656 653
105
656 655
72
105
657 98
4
657 583
4
657 658
4
114
657 674
4
114
657 703
114
657 735
4
658 98
4
658 583
4
658 618
114
658 657
4
114
658 674
4
114
658 716
114
658 735
4
659 228
12
659 236
12
66
659 252
12
66
659 254
12
659 485
12
66
659 523
66
659 524
66
660 552
52
660 608
52
660 628
52
661 6
1
60
661 59
1
60
120
661 254
1
60
120
661 312
1
60
661 377
120
661 641
1
60
120
662 254
1
12
60
662 314
1
60
66
662 377
12
66
662 379
66
662 485
1
12
60
66
662 524
1
60
66
662 641
1
12
60
663 14
58
663 27
14
103
107
663 28
14
103
663 30
58
107
663 42
58
663 52
58
107
663 53
14
103
107
663 105
24
103
663 536
58
663 537
24
58
663 563
24
103
663 609
24
103
664 27
14
16
78
107
664 53
14
16
78
107
664 105
24
78
664 224
24
78
664 665
14
16
78
664 666
14
24
665 27
14
16
78
665 53
14
16
78
665 257
78
665 619
78
665 664
14
16
78
665 666
14
665 748
78
666 224
7
24
666 620
7
666 621
24
666 622
7
14
666 623
7
666 664
14
24
666 665
14
668 91
5
31
80
82
99
668 103
70
80
82
668 229
5
70
82
668 309
5
70
82
668 579
31
82
99
668 625
22
31
70
80
82
99
668 669
5
22
70
80
669 91
5
15
80
83
669 229
5
70
669 309
5
15
70
83
669 651
15
22
70
80
669 668
5
22
70
80
670 561
61
70
104
670 564
39
61
104
670 598
61
104
670 671
39
70
104
670 672
70
104
671 561
70
104
671 617
39
104
671 670
39
70
104
671 672
70
104
671 673
104
672 561
70
104
111
672 584
70
111
672 617
104
672 670
70
104
672 671
70
104
672 673
104
111
672 693
70
111
672 695
111
673 66
104
114
673 67
104
673 183
111
673 617
104
114
673 671
104
673 672
104
111
673 695
111
114
674