0 31 57 60 64 119
1 9 14 17 24 99
2 41 46 99 119
3 8 14 46
4 2 24 36 47 67 113
5 89
6 1 60
7 50
8 1 12 18 118
9 1 18
10 26 57 123
11 5 8 19 31 42 48 88 99 110 113 119 124
12 30 82 92 115
13 30 58 92 115
14 3 16 58
15 8 11 47 113
16 5 82 83
17 5 37 82
18 30
19 7 30 34 94
20 41 71 101
21 49 87 101
22 40 93
23 7 93
24 9 31 43 123
25 7 39 40 104
26 44 71 101
27 3 14 16 78 103 107
28 3 14 16 103
29 3 16 28 58 93 102
30 3 58 102 107
31 3 16 28
32 4 8 113
33 8 84 93
34 84 113
35 67 84 93
36 14 24 114
37 11 36 67 114
38 84 93 114
39 3 102
40 102 107
41 3 28 107
42 58
43 28
44 30 92 115
45 30 92 115
46 30 102 115
47 30 82 102 115
48 5 28
49 11 84
50 36 67 114
51 0 20 75
52 58 107
53 14 16 78 103 107
54 37 54 93
55 93
56 22 39
57 37 39 104 122
58 41 87 99
59 1 60 120
60 6 39 67 104 111 113
61 6 22 61 63
62 2 69 86 87 114
63 50
64 3 16 58
65 28 30 102 115
66 36 39 67 104 113 114
67 36 67 104
68 6 36 67 114
69 93 122
70 4 37
71 37 54 93 122
72 4 108
73 4 122
74 108
75 4 108
76 22 39 72 122
77 37 39 122
78 104
79 104 122
80 37 39 72 106
81 37 39 104 106
82 30 40 82
83 56 87 90 97
84 11 14 23 84 90 97 109
85 32 49 53 55 56 59 96 97 99 101 121
86 36 47 67 68 113
87 2 36 67
88 14 24 36 67 114
89 24 36 67 69 114
90 2 36 87 114
91 5 15 19 27 30 31 34 36 42 43 47 48 51 54 65 67 68 69 80 82 83 86 88 92 94 95 99 110 114 115 116 117 119 124
92 19 30 34 58 92 103 115
93 39 50 104
94 7 39 50 72
95 2 14 24 47 68 113
96 8 15 36 42 47 67 68 80 83 85 86 87 113
97 4 67 84 93 113
98 4 61 70
99 5 63 82 83 108
100 5 19 30 34 37 65 81 82 83 92 94 106 115
101 82
102 19 34 92 94 106 115
103 19 30 34 70 80 81 82 88 115
104 19 30 34 65 81 82 92 94 115
105 24 78 103
106 4 37 122
107 61 63 86 87
108 2 22 54 61 63 70 86 87
109 14 40 84 100 106
110 11 14 49 101
111 11 14 49 56
112 49 56 87
113 100 106
114 6 100 106
115 40
116 4 7 78
117 3 78 93
118 7 78
119 78
120 25 44 71 74 79 123
121 26 31 101 119
122 2 17 41 87 97 126
123 9 11 68 84
124 4 32 46
125 2 24 46 68 87
126 4 103
127 62 103 104 127
128 35 39 50 54 62 78 103 104 105 127
129 40 50 100 106
130 7 39 40 72
131 8 11 84
132 25 57 64 95
133 27 29 44 48 71 77 95 101
134 4 108
135 22 37 73 122
136 22 37 72 106 122
137 4 54 93 100 106
138 6 7 33 40 54 100
139 64 123
140 64 123
141 48 74 77
142 30 92 115
143 58 82
144 58
145
146 38 110 123
147 15 61
148 9 41
149 11 22 61 70 84 93
150 1 13 60 98
151 27 29 44 48 71 74 77
152 30 65 81 83 106
153 10 38 56 85 110 123 125
154 41
155 11 84 99
156 46 93
157 19 26 30 34 47 65 70 77 80 81 88 92 94 110 115 116 117
158 19 22 26 30 31 34 47 51 65 70 77 80 81 88 92 94 110 115 116 117
159 19 30 82 92 103 115
160 26
161 26 97 126
162 17 26 31 126
163 26 31 49 56
164 29 97
165 49 56 101 119
166 3 4 93 103
167 63 86 87 108
168 19 30 34 82 83 92 94 106 115
169
170 9 87
171 9 17 41 87
172 32 53 55 56 59 97 99
173 1 21 27 29 74 76 95
174 25 44 64 74 77
175 84 93
176 11 22 84 93
177 24 108 122
178 24 54 63 108
179 54 84 108
180 50
181 84 101 109
182 11 49 84 109
183 36 67 111
184 5 82
185 122
186 1 12 13 18 21 31 44 45 52 64 66 76 98 119 120
187 25 27 29 57 79 95
188 17 97 119 126
189 9 26 43 123
190 26 31 43 46 123
191 2 9 24 99
192 26 27 31 43 46 48 77 85 88 95 110 123
193 4 68
194 2 98
195 11 17 84 99
196 64 89
197 64 89 109
198 57 89 91 109
199 4 9 89 93
200 46 84
201 84
202 11 46
203 14 46 68
204 9 68
205 1
206 5 19 30 34 65 81 82 83 92 94 108 115
207 15 108
208 2 24 86 108 122
209 2 86 108 122
210 5 87 100
211 30 82 92 115
212 30 92 115
213
214 4 54
215 93 106
216 23 64 109
217 26 29 31 110 123
218 97 126
219 17 27 48 77 85 88 95 110 123 126
220 17 27 48 77 85 88 95 110 123
221 9 26 43 123
222 9 17 41
223 29 49 56 90 97 119 126
224 7 24 78
225 44 64 74 77
226 4 93
227 8 46
228 12 18 118 120
229 5 61 70 82
230 40 100 104
231 32 49 53 55 56 59 96 97 99 101 121
232 19 26 30 34 47 65 70 77 80 81 88 92 94 115 116 117
233 4 9 89 93
234 57 89 91
235 12 18 66 76 120
236 12 18 66 118 120
237 89 101
238 2 100
239 14 24 37 122
240 2 5 7 30 40 78 82
241 5 30 82 102
242 57 91 109
243 44 74 77
244 44 74 79
245 57
246 57 123
247 4 9 89 93
248 8 46 87
249 8 46 87
250 8 46
251 21 27 29 44 45 76 95
252 12 18 66 118 120
253 12 76 118
254 1 12 60 120
255 13 52 109
256 4 7 78
257 3 7 78
258 6 7 33 40 54 78
259 7 39 40 50 54 78 104
260 46 68 84
261 11 46 68
262 11 46
263 13 89 109
264 53 55 96
265 53 55 96 121
266 30 82 92 102 115
267 28 107
268 33 40
269 8 46 68
270 5 15 19 30 34 63 65 81 82 83 92 94 108 115
271 63
272 63 87
273 23 49 56 101
274 23 49 101
275 2 49 101
276 2 49 101
277 41 49 101
278 101
279 2 101
280 23
281 23 101
282 2 23 71
283 2 71
284 4 22
285 4 22 61 63
286 14
287 63 84
288 6 108 122
289 15 63
290 46 68 84
291 49 89 101
292 84 101 109
293 54 84 108
294 4 33 40 100
295 9 17 119
296 41 49 56
297 14 24 54 63
298 84
299 84
300 61 63 84
301 63
302 37 104 106
303 6 37 122
304 6 37 122
305 6 22 108 111
306 22 104 108 111
307 19 30 34 65 81 92 94 115
308 61 63
309 5 15 61 70 82 83
310 39 40 100 104
311 9
312 1 60
313 13
314 1 13 60 66
315 52 89 109
316 71 89
317 32 57 71 89
318 11 14 84 101 109
319 102 107
320 93 108 122
321 54 84 108
322 54
323 14 108 122
324 40 93 100
325 4 33 40 100
326 33 40 54 100
327 54 100 106
328 54 100 106
329 8 19 31 42 46 85 99 113 119 124
330 26 49 101
331 26 44 71 101 123
332 14 71
333 13 109
334 55 59 96
335 55 96 121
336 32 96 121
337 32 121
338 49 89 101
339 30 112 115
340 107
341 39 100 106
342 2 8 46
343 49 84 101 109
344 23 49 56
345 119
346 44 71 101 123
347 25 44 71 123
348 11 71 109
349 84 108
350
351
352 9 17 31
353 31 97
354 6 37 106
355 29 38 48 95 97 110
356 30 115
357 28 30 82 102
358 3 16 28 75 107
359 6 40 54 100
360 100 104 106
361 7 33 78
362 7 33 40
363 4 40
364 8 46 68
365 8 24 46
366 19 26 27 30 31 34 36 42 43 47 48 51 54 67 68 69 77 81 82 86 88 95 99 110 114 115 123 124
367 8 19 26 27 31 42 43 48 77 88 95 99 110 123 124
368 13 89 109
369 14 101
370 108 122
371 40 84 100
372 14 54 108
373 8 19 26 27 31 42 43 46 48 77 85 88 95 99 110 113 123 124
374 41
375 119
376
377 12 13 66 120
378 13 120
379 13 66
380 27 29 44 48 71 74 95
381 11 14 109
382 11 14 71 109
383 2 49 56
384 2 49 56
385 108
386 93
387 108
388
389 93
390 4 63
391 7 40 73 100
392 31 126
393 26 29
394
395 72 73 100 106
396 37 73 106
397 123
398 29 38 97 110
399 27 29 38 48 77 85 88 95 97 110
400 26 31 56 85 110 123 125
401 26 56
402 31 49 56
403 26 31 49 101
404 10 27 29 38 48 77 85 88 95 110
405 26 31 57 64
406 26 64 123
407 41 79
408 41 49 56
409 41 71 87 91
410 37 106
411
412 100 106
413 17 31 126
414 31 97
415 44 71 74
416 48 74 77
417 27 29 44 79
418 79 95
419 27 29 44 57 79
420 44 48 57 74 77 79
421 63
422 22 61 70 93
423 73
424 84 100 106
425 10 38 49 101 110 125
426 10 38 49 101 110 125
427 26 31 64
428 44 45 123
429 26 44 45 123
430 25 27 29 57 64 95
431 2 79
432 2 23 79
433 41 49 101
434 87 101 119
435 41 87 101
436
437 24 54 63
438 37 122
439 38 110 123
440 38
441 7 40 72 73
442 39 40 72 100
443 40 72 73 100
444 40 100
445 9 17 31 43 123
446 26 97
447 31 97
448 26 29 31
449 27 48 77 85 88 95 97 110
450 74 79
451 27 29 44 74 95
452 27 29 44 74
453 4 22 63
454 63 93
455 4 22 61 70
456 100 106
457 73 100 106
458 39 72 100
459 6 37 106
460 29 97 110 123
461 24 61 70
462 4 122
463 37 106
464 37 106
465 37 84 106
466 14 37 84 106
467 84 122
468 27 29 48 49 77 95 101 110 125
469 49 101 110 123 125
470 49 101 110 123 125
471 12 21 44 45 64 123
472 27 29 64 95
473 26 31 74 79
474 26 31 57 79
475 24 61 70
476 10 38 49 56 85 125
477 25 57
478 71 87 91
479 25 26 44 71 74
480 2 24 54 61 63
481 2 54 63
482 2 54 61 63
483 54 70
484 2 22 70
485 1 12 60 66
486 41 57 60 91
487 23 64
488 0 5 20 30 75 112 115
489 64 95
490 44 45 95
491 27 29 44 45 95
492 21 25 44 45 64 74
493 31 74 79 119
494 31 57 60 79 119
495 26 57 79 123
496 25 57 79 123
497 14 57 91 109
498 10 38 56
499 10 29 56 85
500 10 27 29 48 56 77 85 88 95 110
501 10 27 29 48 49 56 77 85 88 95 110 125
502 10 38 56 85 125
503 1 18 120
504 44 48 57 74 77
505 44 64 74 77
506 25 27 29 57 95
507 25 64
508 44 64 74 77
509 25 44 45 64 74 77
510 79 87 91
511 41 79 87 91
512 25 31 44 71 74 91 119
513 25 26 31 44 71 74 91
514 26 74 79
515 14 63
516 63
517 2 61 70
518 22 24
519 2 22 70
520 22 70
521 22 54 70 86 87
522 6 22 63 111
523 66
524 1 60 66
525 74
526 21 27 29 74
527 25 77
528 57 60 64 87 91 119
529 41 60 64 119
530 2 41 64 119
531 2 23 64
532 2 60 64 119
533 22 31 51 65 70 92 94 110 116
534 19 30 34 92 94 115
535 5 30 82 102
536 5 58
537 5 24 58
538 5 24 58 82
539 5 82 103
540 14 61 70
541 14 61 70
542 61 70 84
543 22 70 84
544 22
545 14 22
546 22 24
547 54 84 122
548 37 54 122
549 108
550 35 50
551 21 25
552 52
553 1 12 13 18 21 26 31 44 45 52 66 76 98 120
554 12 21 26 44 45 123
555 87 91
556 2 57 79 91
557 2 57 91
558 5 78
559 27 48 77 85 88 95 110
560 9 17 123
561 61 70 104 111
562 89 97 99
563 5 24 103
564 39 61 63 104
565 32 97
566 12 18 21 26 44 45 52 66 76 120 123
567 1 13 98
568 52
569 12 18 52 66 76 120
570 57 71 89 91
571 41 79 87 91
572 2 23 57 91
573 2 23 57 91
574 2 41 57 91
575 7
576 7 30 40 82
577 6 70
578 2 24 69
579 19 26 27 30 31 34 47 48 51 54 65 68 69 77 81 82 88 92 94 99 110 114 115 116 117 123
580 9 26 27 48 77 85 88 95 110 123
581 9 123
582 17 123 126
583 4
584 70 111
585 1 25
586 53 55 59 99
587 59 99
588 55
589 53 55
590 89 97
591 1 2 13 60 98
592 1 13 52 60 98
593 1 2 13 52 60
594 1 2 13 52 60
595 63 104 111
596 39 63 72 104
597 63 72 73
598 61 63 104 111
599 6 61 63 111
600 12 118
601 21 77
602 25
603 32 97
604 32 97
605 32 97
606 53 55 59 99
607 60 64 119
608 52
609 5 24 78 103
610 5 7 78
611 9 17 84
612 14 40 100
613 24 100
614 14 106
615 24 106
616 70
617 39 104 114
618 114
619 3 78 103
620 7
621 24 40
622 7 14 40
623 7 40
624 17 126
625 19 22 26 30 31 34 70 77 80 81 82 88 99 115
626 23 64 98
627 2 52 98
628 23 52 98
629 2 13 52
630 1 13 60 98
631 2 98
632 5 78 82
633 19 30 78 82 103
634 19 30 34 78 92 115
635 7 19 34 40 78 92 94 115
636 89 99
637 9 11 17 99
638 9 17 84
639 17 97 99
640 11 17 99
641 1 12 60 120
642 12 21 76 95
643 24 40 100
644 24 100
645 14 100
646 106
647 24 106
648 24 106
649 2 7
650 7 40
651 15 22 70 80
652
653 105
654 35
655 72 105
656 72 105
657 4 114
658 4 114
659 12 66
660 52
661 1 60 120
662 1 12 60 66
663 14 24 58 103 107
664 14 16 24 78 107
665 14 16 78
666 7 14 24
667
668 5 22 31 70 80 82 99
669 5 15 22 70 80 83
670 39 61 70 104
671 39 70 104
672 70 104 111
673 104 111 114
674 4 36 67 114
675 87
676 2 90 97
677 2 106
678 37 106
679 37 106
680 5 87 106
681 5 30 83 87 106
682 19 30 34 65 81 82 83 92 94 106 115
683 5 87
684 67
685 23 90
686 11 14 23 97
687 87
688 2 40 100
689 19 30 34 40 82 92 94 100 115
690 5
691 82 87 100
692 62 104 105
693 70 111
694 6 70
695 6 111 114
696 89 97 99
697 89 97 99
698 35 72 73
699 50 72 73
700 62 104
701 4 67
702 4 67
703 36 67 114
704 21 25 77
705 2 17 23 97
706 97
707 41 87 90 97
708 97
709
710 2 106
711 2 37 106
712 33 58
713 11 67
714 21 25 77
715 36 67 114
716 36 67 114
717 14
718 9 17 24 99
719 9 17
720 2 9 17
721 99
722 99
723 2 40 100
724 2 5 40
725 19 30 34 82 87 92 94 100 115
726
727 5 100
728 100
729 30 83 87 106
730 5 87
731 114
732 35
733 35
734 35 50 73
735 4 36 67
736 36 67 84 114
737 97
738 41 90 97
739 2 97
740
741 2 106
742 2 24 37 122
743 15 87 108 122
744 5 15 82 108 122
745 33 78 103 127
746 4 16 58 93
747 4 33 58 103 127
748 3 78
749 3 78 93
750 4 33 78 103 127
751 4 8 46
752 4 8 32 46
753 46 68 93
754 46 68 93
755 14 47 67 113
756 14 47 67 113
757 2 47 113
758 47 113
759 68 113
760 4 8 113
761 8 11
762 11 14 23 84 90 109
763 11 49 56 84 109
764 36 67 84 93
765 14 36 114
766 23 90
767 56 87 90
768 15 37 87 122
769 2 37 122
770 4 46 68
771 8 93 113
772 49 56 89
773 49 56 89
774 11 14 23 90
775 56
776 56 84 90 109
777 11 14 56 90
778 35 50 72
779 35 62 103 104 105 127
780 62
781 33 58 127
782 36 67 114
783 27 47 51 54 68 69 80 86 87 114 117 124
784 14 36 114
785 15 27 30 36 42 43 47 51 54 67 68 69 80 83 85 86 87 95 114 116 124
786 1 21 25
787 11 14 23 97
788 2 90
789 2 41 56 90
790 41 90
791 56 89
792 56
793 5 37 82 87
794 15 37 122
795 37 122
796 15 108 122
797 15 87 108 122
798 58 93
799 8 93
800 49 56
