0 0 186 405 427 474 494 528 553
1 1 123 125 191 203 637 705 717 718 719
2 2 58 96 125 154 192 329 345 374 376
3 3 15 95 125 202 203 262 365 761
4 4 87 88 89 95 756 757
5 5 231 237 291 316 317 337 338
6 6 59 205 312 661
7 7 63 129 180 734
8 8 9 173 228 252 503 585 600
9 8 9 585
10 10 139 140 246 405 474 495 496
11 11 91 96 329 366 367 373
12 12 13 143 212 535 538
13 12 13 92 143 144
14 14 28 29 30 52 64 619 663
15 3 15 34 37 95 131 713 755 761
16 16 99 104 229 289 307 309
17 17 100 101 152 184 683 793
18 18 19 240 633 634 635
19 18 19 240 576 635
20 20 277 278 283 407 409 431 433 435 511
21 21 112 165 408 433 434 435
22 22 55 115 213 324 325 363 371
23 23 55 117 118 213 257 363
24 24 189 190 221 295 345 352 375 376 445
25 25 93 94 130 230 259 310 442
26 26 120 133 346 425 426 468
27 27 28 53 619 663 664 665
28 14 27 28 64 619 663
29 14 29 30 31 39 64 358 746 798
30 14 29 30 39 40 52 64 319 663
31 29 31 39 41 358
32 32 97 751 752 760 771 799
33 33 34 97 131 156 201 771 799
34 15 33 34 35 37 97 131 713
35 34 35 50 97 684 713 736 764 782
36 36 37 49 88 89 518 544 545 546 578 765 784
37 15 34 36 37 49 50 713 755 784
38 38 49 50 175 703 736 764 782
39 29 30 31 39 40 41
40 30 39 40 41 52 267 319
41 31 39 40 41 267 319 340 358
42 42 52 241 319 536 537 663
43 43 48 51 241 267 319 340 488
44 44 45 211 535
45 44 45 212 535
46 46 47 65 266 357
47 46 47 211 266 357 535
48 43 48 51 241 356 357 488
49 36 37 38 49 50 175 176 544
50 35 37 38 49 50 713 736
51 43 48 51 340 488
52 14 30 40 42 52 319 663
53 27 53 105 663 664 665
54 54 70 71 106 214 215 464 548
55 22 23 55 115 118 213 257 363
56 56 57 76 77 79 306 595 596
57 56 57 76 77 78 79 80 81 302 306
58 2 58 125 148 154 675 687 721
59 6 59 205 228 254 312 503 641 661
60 60 66 67 68 97 183 702 715 760
61 61 98 134 284 285 288 305 522 577 584 599
62 62 89 90 108 484 519 520 521 578 783 785
63 7 63 129 550 734
64 14 28 29 30 64 166 619 746 798
65 46 65 266 356 357
66 60 66 67 617 673
67 60 66 67 183 617 673 695
68 60 68 183 695 715 731
69 69 71 73 106 185 320 549
70 54 70 71 106 214 463
71 54 69 70 71 106 185 320 370 464 548
72 72 73 75 350 387 549
73 69 72 73 75 106 185 462 549
74 74 75 134 288 462
75 72 73 74 75 134 387 462
76 56 57 76 77 136 596 597
77 56 57 76 77 80 81 136
78 57 78 79 81 302 303 354
79 56 57 78 79 303 305 306
80 57 77 80 81 136 341 395 458
81 57 77 78 80 81 302 341 360 458
82 82 240 576 635 689 690 724 725 726
83 83 112 122 165 188 223 706 707 767
84 84 155 562 639 640 686 697 717 762 774 775 787 791
85 85 172 231 264 265 291 336 337 586 589 606 772 792
86 86 87 90 95 96 758 759
87 4 86 87 89 90 757 758
88 4 36 88 89 755 756 765 784
89 4 36 62 87 88 89 90 578
90 62 86 87 89 90 96 783 785
91 11 91 96 366 367 579 625 651 668 669 783 785
92 13 92 142 144 159 633 634
93 25 93 94 128 130 259 778 779
94 25 93 94 130 778 779
95 3 4 15 86 95 269 342 364 365 755 756 757 758 759 761
96 2 11 86 90 91 96 125 248 249 329 759 785
97 32 33 34 35 60 97 131 684 701 702 703 760 771
98 61 98 285 453 455 577 583 618 657 658 694 695 731
99 16 99 270 289 307
100 17 100 101 102 152 184 206 682 744
101 17 100 101 152 681 682 683 793
102 100 102 152 682
103 103 104 157 229 232 625 668
104 16 103 104 158 229 232 270 307
105 53 105 224 558 563 609 663 664
106 54 69 70 71 73 106 185 410 438 462 463
107 107 108 147 167 271 272 308 616 651
108 62 107 108 167 208 436 481 482 483 484 520 521 651 783
109 109 115 239 371 424 466 612 614 615 622 623 645 646
110 110 111 181 182 273 281 318 369 763
111 110 111 182 273 685 763 774 776 777
112 21 83 112 165 408 433 767 790
113 113 114 230 302 354 359 360
114 113 114 138 326 327 354 359 410 459
115 22 55 109 115 213 324 371 623
116 116 118 119 256 268 363 750
117 23 117 118 119 257 748 749
118 23 55 116 117 118 119 363 749
119 116 117 118 119 126 256 749 750
120 26 120 133 187 331 346 347 415 450 479 495 496 514
121 121 163 165 330 331 347 403 434 479 512 513
122 83 122 171 188 222 676 705 706 707 720 737 738 739
123 1 123 145 199 203 260 261 262 290 611 637 638
124 124 193 204 751 752 770
125 1 2 3 58 96 125 191 203 227 248 249 250 269 329 342 364 365 721 722
126 119 126 166 747 749 750
127 127 128 692 700 745 779
128 93 127 128 258 259 745 779
129 7 63 129 180 412 444
130 25 93 94 130 310 441 442 443
131 15 33 34 97 131 200 201 202 761
132 132 140 187 246 430 471 472 489 496
133 26 120 133 141 151 380 415 425 468
134 61 74 75 134 284 288 387 390
135 135 136 396 597
136 76 77 80 135 136 395 396 458 596 597
137 137 214 215 294 324 325 328 371 424 463 464
138 114 138 258 326 327 359 361 362
139 10 139 140 246 405 406 427 428
140 10 132 139 140 246 406 428 471 489
141 133 141 151 416 452
142 92 142 159
143 12 13 143 144 538 539
144 13 92 143 144 159 538 539
145 123 145 199 260 290 311 754
146 146 164 217 355 398 411 439 440 460 498
147 107 147 289 308 309 616 651
148 58 148 154 170 171 222 675 687
149 149 176 300 421 422 454 543 583
150 150 194 532 591 592 607 630
151 133 141 151 380 451 452
152 17 100 101 102 152 682
153 153 400 425 426 439 440 469 470 498 502
154 2 58 148 154 222 374 687
155 84 155 195 639 640
156 33 156 200 201 751 753 754 770 799
157 103 157 158 232 533 625
158 104 157 158 232 366 533 579 625
159 92 142 144 159 539 632 633
160 160 161 162 164 219 397 446 582 624
161 160 161 162 353 392 446 447
162 160 161 162 218 221 352 392 413 445 560 624
163 121 163 165 217 223 330 400 401 402 403
164 146 160 164 217 393 397 446 460
165 21 83 112 121 163 165 217 223 434
166 64 126 166 619 746 747 748 749 798
167 107 108 167 208 209 272 743 796 797
168 168 534 681 682 691 725 729
169 169 667
170 148 170 171 191 675 720 722
171 122 148 170 171 191 222 720
172 85 172 604 605 606 636 696 772 792
173 8 173 251 253 525 526 527 585 600 601 602 642 786
174 174 492 504 507 508 509 704
175 38 49 175 176 583 657 703
176 49 149 175 176 542 543 544 583
177 177 178 208 239 323 372
178 177 178 208 297 372 436 437 480 481
179 179 286 293 297 298 299 321 322 323 349 372
180 7 129 180 734
181 110 181 182 292 318 343
182 110 111 181 182 343 763 800
183 60 67 68 183 673 695
184 17 100 184 206 744 793 797
185 69 71 73 106 185 549
186 0 186 427 528 553 566 567 592 607 630
187 120 132 187 417 418 419 430 450 496 506
188 83 122 188 218 222 223 295 413 414 706
189 24 189 190 221 445 559 560 580
190 24 189 190 192 376 559 580
191 1 125 170 171 191 718 719 720 722
192 2 190 192 329 373 376 559
193 124 193 204 226 247 770
194 150 194 487 532 591 631
195 155 195 611 637 638 639 640
196 196 197 198 234
197 196 197 198 216
198 196 197 198 216 234 242 497 570
199 123 145 199 204 233 247 311 562 565 590 611 638
200 131 156 200 201 202 260 261 290 754
201 33 131 156 200 201 799
202 3 131 200 202 203 261 262 761
203 1 3 123 125 202 203 262 365 637
204 124 193 199 204 247
205 6 59 205 503
206 100 184 206 207 270 744
207 206 207 270 271 272 744 797
208 108 167 177 178 208 209 239 436 437 742
209 167 208 209 239 742 769 794 795 796
210 210 690 691 709 725 726 727 728 729 730
211 44 47 211 266 535
212 12 45 212 535 538
213 22 23 55 115 213 257 620 623
214 54 70 137 214 215 328 463
215 54 137 214 215 464
216 197 198 216 242 487 531 626
217 146 163 164 165 217 223 393 400 402 414 439 448 460
218 162 188 218 223 353 392 413 414 447
219 160 219 220 394 397 449 582
220 219 220 580 581 582
221 24 162 189 221 445 560 580 624
222 122 148 154 171 188 222 295 374 375 687
223 83 163 165 188 217 218 223 414 706
224 105 224 558 575 609 621 622 650 664 666
225 225 243 477 505 507 508
226 193 226 233 247 311 753 754 770
227 125 227 249 250 364 759
228 8 59 228 252 254 503 659
229 16 103 104 229 307 309 625 668 669
230 25 113 230 258 259 310 341 359 360
231 5 85 231 291 336 337 772
232 103 104 157 158 232 625
233 199 226 233 247 311
234 196 198 234 570
235 235 236 253 523 568 569 642
236 235 236 252 253 523 600 659
237 5 237 291 292 316 317 338 382
238 238 643 644 647 677 688 723 727 728 740 741
239 109 177 208 209 239 322 323 466 467 615 742
240 18 19 82 240 575 576 610 632 633 634 649 724
241 42 43 48 241 267 319 357 535 536
242 198 216 242 497 531 572 573
243 225 243 245 477 504 505
244 244 245 416 417 419 420 452
245 243 244 245 419 420 477 504 506
246 10 132 139 140 246 495 496
247 193 199 204 226 233 247
248 96 125 248 249
249 96 125 227 248 249 759
250 125 227 250 364
251 173 251 471 490 491 492 526 642
252 8 228 236 252 253 254 523 600 659
253 173 235 236 252 253 569 600 642
254 59 228 252 254 485 503 641 659 661 662
255 255 263 315 333 368 552
256 116 119 256 268 361 362 363 750
257 23 55 117 213 257 619 620 623 665 748 749
258 128 138 230 258 259 359 361 745 750
259 25 93 128 230 258 259 310 359
260 123 145 200 260 261 290
261 123 200 202 260 261 262
262 3 123 202 203 261 262
263 255 263 333 368
264 85 264 265 334 335 336 588 589
265 85 264 265 334 335 336
266 46 47 65 211 266 356 535
267 40 41 43 241 267 319 340 358
268 116 256 268 294 325 326 362 363
269 95 125 269 342 364
270 99 104 206 207 270 271 289 307 308 744
271 107 207 270 271 272 289 308
272 107 167 207 271 272 308 743 744 797
273 110 111 273 274 280 281 344 369 685 766 774
274 273 274 275 279 280 281 344 384
275 274 275 276 278 279 280 344 383 384
276 275 276 277 278 279 296 383 384
277 20 276 277 278 296 383 408 433 435
278 20 275 276 277 278 279 282 283
279 274 275 276 278 279 280 282 283
280 273 274 275 279 280 281 282
281 110 273 274 280 281 282 332 369
282 278 279 280 281 282 283 332 369 431 432
283 20 278 279 282 283 407 431 432
284 61 134 284 285 288 390 453
285 61 98 284 285 390 453 455 577
286 179 286 287 297 298 301 372 515
287 286 287 298 299 300 301 542
288 61 74 134 284 288 303 304 305 438 462 522
289 16 99 147 270 271 289 308 309
290 123 145 200 260 290 311 754
291 5 85 231 237 291 337 338 772 773
292 181 237 292 316 318 338 343 381 382
293 179 293 321 322 349 467 547
294 137 268 294 325 326 328 362 363
295 24 188 222 295 352 375 413
296 276 277 296 383 408 433 789 790
297 178 179 286 297 301 372 437 480 481 515 516
298 179 286 287 298 299 300 301
299 179 287 298 299 300 349 385 388
300 149 287 298 299 300 388 389 454 542 543
301 286 287 297 298 301 515 540 541 542
302 57 78 81 113 302 303 341 354 360
303 78 79 288 302 303 304 305 306 354 459
304 288 303 304 305 354 410 438 459 462
305 61 79 288 303 304 305 306 522 595
306 56 57 79 303 305 306 522 595 596
307 16 99 104 229 270 307
308 107 147 270 271 272 289 308
309 16 147 229 289 309 651 668 669
310 25 130 230 259 310 341 360 442 458
311 145 199 226 233 290 311 753 754
312 6 59 312 661
313 313 333 377 378 379 552 608
314 314 377 379 485 524 594 629 662
315 255 315 368
316 5 237 292 316 317 348 382 497 570
317 5 237 316 317 337 570
318 110 181 292 318 343 369 381
319 30 40 41 42 43 52 241 267 319
320 69 71 320 350 370 385 386 548 549
321 179 293 321 349 370 385 467 547 548
322 179 239 293 322 323 372 467
323 177 179 239 322 323 372
324 22 115 137 324 325 363 371 424
325 22 137 268 294 324 325 328 363
326 114 138 268 294 326 327 328 362
327 114 138 326 327 328 410 459 463
328 137 214 294 325 326 327 328 463
329 2 11 96 125 192 329 367 373
330 121 163 330 331 400 403 470
331 120 121 330 331 346 347 403 469 470 479 513
332 281 282 332 348 369 382 432 497 572
333 255 263 313 333 378 552
334 264 265 334 335 588 589
335 264 265 334 335
336 85 231 264 265 336 337
337 5 85 231 291 317 336 337
338 5 237 291 292 338 343 772 773 800
339 339 356 488
340 41 43 51 267 340 358
341 80 81 230 302 310 341 360 442 458
342 95 125 269 342 365
343 181 182 292 318 338 343 763 800
344 273 274 275 344 384 685 766 788
345 2 24 345 374 375 376
346 26 120 331 346 347 426 469 470
347 120 121 331 346 347 479 513 514
348 316 332 348 382 497 570
349 179 293 299 321 349 370 385
350 72 320 350 351 386 387 389 390 549
351 350 351 386 389 390 421 453 454
352 24 162 295 352 413 445
353 161 218 353 392 414 447
354 78 113 114 302 303 304 354 360 459
355 146 355 394 398 399 404 411 449
356 48 65 266 339 356 357 488
357 46 47 48 65 241 356 357 488 535
358 29 31 41 267 340 358
359 113 114 138 230 258 259 359 360
360 81 113 230 302 310 341 354 359 360
361 138 256 258 361 362 745 750
362 138 256 268 294 326 361 362
363 22 23 55 116 118 256 268 294 324 325 363
364 95 125 227 250 269 364 759
365 3 95 125 203 342 365
366 11 91 158 366 367 579
367 11 91 329 366 367 373
368 255 263 315 368
369 110 273 281 282 318 332 369 381 382
370 71 320 321 349 370 385 386 547 548
371 22 109 115 137 324 371 424 623
372 177 178 179 286 297 322 323 372
373 11 192 329 367 373
374 2 154 222 345 374 375
375 24 222 295 345 374 375 376
376 2 24 190 192 345 375 376
377 313 314 377 378 379 641 661 662
378 313 333 377 378 379
379 313 314 377 378 379 552 608 629 662
380 133 151 380 415 450 451 452
381 292 318 369 381 382
382 237 292 316 332 348 369 381 382
383 275 276 277 296 383 384 788 789
384 274 275 276 344 383 384 766 788 789
385 299 320 321 349 370 385 386 388
386 320 350 351 370 385 386 388 389 549
387 72 75 134 350 387 390 549
388 299 300 385 386 388 389 454
389 300 350 351 386 388 389 454
390 134 284 285 350 351 387 390 421 453
391 391 395 441 443 444 456 457
392 161 162 218 353 392 413
393 164 217 393 446 447 448
394 219 355 394 397 398 449 460
395 80 136 391 395 396 423 442 443 457 458
396 135 136 395 396 423 457
397 160 164 219 394 397 398 460 582
398 146 355 394 397 398 411 449 460
399 355 399 404 411 449
400 153 163 217 330 400 401 402 403 439 469 470
401 163 400 401 402
402 163 217 400 401 402
403 121 163 330 331 400 403
404 355 399 404 411 498 499 500
405 0 10 139 405 406 427 474 494 495
406 139 140 405 406 427 428 429
407 20 283 407 409 431 511 556 571
408 21 112 277 296 408 433 767 789 790
409 20 407 409 434 435 478 510 511
410 106 114 304 327 410 438 459 463
411 146 355 398 399 404 411 440 498 499
412 129 412 444 456
413 162 188 218 295 352 392 413 445
414 188 217 218 223 353 414 447 448
415 120 133 380 415 450 451
416 141 244 416 417 420 452
417 187 244 416 417 418 419 451 452
418 187 417 418 419 450 451 452
419 187 244 245 417 418 419 477 506
420 244 245 416 420 504
421 149 351 390 421 422 453 454 455
422 149 421 422 453 455 583
423 395 396 423 457
424 109 137 324 371 424 464 465 466
425 26 133 153 425 426 468 476 502
426 26 153 346 425 426 469 502
427 0 139 186 405 406 427 429 553
428 139 140 406 428 429 471
429 406 427 428 429 471 553 554
430 132 187 430 472 477 489 492 506 507
431 20 282 283 407 431 432 556 571 572
432 282 283 332 431 432 497 556 572
433 20 21 112 277 296 408 433 435
434 21 121 165 409 434 435 478 512
435 20 21 277 409 433 434 435 478
436 108 178 208 436 437 481 482
437 178 208 297 436 437 480 481
438 106 288 304 410 438 459 462 463
439 146 153 217 400 439 440
440 146 153 411 439 440 498 502
441 130 391 441 442 443
442 25 130 310 341 395 441 442 443 458
443 130 391 395 441 442 443 457 458
444 129 391 412 444 456 457
445 24 162 189 221 352 413 445
446 160 161 164 393 446 447 448
447 161 218 353 393 414 446 447 448
448 217 393 414 446 447 448
449 219 355 394 398 399 449
450 120 187 380 415 418 450 451
451 151 380 415 417 418 450 451 452
452 141 151 244 380 416 417 418 451 452
453 98 284 285 351 390 421 422 453 455
454 149 300 351 388 389 421 454
455 98 285 421 422 453 455 583
456 391 412 444 456 457
457 391 395 396 423 443 444 456 457
458 80 81 136 310 341 395 442 443 458
459 114 303 304 327 354 410 438 459
460 146 164 217 394 397 398 460
461 461 475 480 517 518 519 546
462 73 74 75 106 288 304 438 462
463 70 106 137 214 327 328 410 438 463
464 54 71 137 215 424 464 465 547 548
465 424 464 465 466 467 547
466 109 239 424 465 466 467 547
467 239 293 321 322 465 466 467 547
468 26 133 425 468 476 501
469 153 331 346 400 426 469 470
470 153 330 331 346 400 469 470
471 132 140 251 428 429 471 489 490 554 566 642
472 132 430 472 477 489 490 491 492 507
473 473 474 479 493 494 495 512 513 514
474 0 10 405 473 474 493 494 495 514
475 461 475 480 515 516 518 540 545 546
476 425 468 476 499 501 502
477 225 243 245 419 430 472 477 492 506 507
478 409 434 435 478 493 510 511 512
479 120 121 331 347 473 479 513 514
480 178 297 437 461 475 480 481 482 483 516 517
481 108 178 297 436 437 480 481 482
482 108 436 480 481 482 483 517
483 108 480 482 483 484 517 519 520
484 62 108 483 484 517 519 520 578
485 254 314 485 523 524 641 659 662
486 486 528 529 530 555 571 574
487 194 216 487 530 531 532 626 631
488 43 48 51 339 356 357 488
489 132 140 430 471 472 489 490 491
490 251 471 472 489 490 491
491 251 472 489 490 491 492
492 174 251 430 472 477 491 492 507 509 525 526
493 473 474 478 493 494 510 512 513
494 0 405 473 474 493 494 510 528 555
495 10 120 246 405 473 474 495 496 514
496 10 120 132 187 246 495 496 514
497 198 242 316 332 348 432 497 570 572 573
498 146 153 404 411 440 498 499 502
499 404 411 476 498 499 500 501 502
500 404 499 500 501
501 468 476 499 500 501
502 153 425 426 440 476 498 499 502
503 8 59 205 228 254 503
504 174 243 245 420 504 505 508 704
505 225 243 504 505 508
506 187 245 419 430 477 506
507 174 225 430 472 477 492 507 508
508 174 225 504 505 507 508
509 174 492 509 525 527 704
510 409 478 493 494 510 511 512 555 571
511 20 407 409 478 510 511 571
512 121 434 473 478 493 510 512 513
513 121 331 347 473 479 493 512 513 514
514 120 347 473 474 479 495 496 513 514
515 286 297 301 475 515 516 540 541
516 297 475 480 515 516 540
517 461 480 482 483 484 517 518 519
518 36 461 475 517 518 519 546 578
519 62 461 483 484 517 518 519 578
520 62 108 483 484 520 521
521 62 108 520 521
522 61 288 305 306 522 595 598 599
523 235 236 252 485 523 524 568 569 659
524 314 485 523 524 568 592 593 594 659 662
525 173 492 509 525 526 527 704
526 173 251 492 525 526
527 173 509 525 527 601 704 714
528 0 186 486 494 528 529 532 555 607
529 486 528 529 530 532 574 607
530 486 487 529 530 531 532 574
531 216 242 487 530 531 532 557 573 574 626
532 150 194 487 528 529 530 531 532 607 630 631
533 157 158 533
534 168 534 682 725
535 12 44 45 47 211 212 241 266 357 535 536 537 538
536 42 241 535 536 537 538 663
537 42 535 536 537 538 539 563 663
538 12 143 144 212 535 536 537 538 539 563
539 143 144 159 537 538 539 563 609 632 633
540 301 475 515 516 540 541 544 545 546
541 301 515 540 541 542 544 545
542 176 287 300 301 541 542 543 544
543 149 176 300 542 543 544
544 36 49 176 540 541 542 543 544 545
545 36 475 540 541 544 545 546
546 36 461 475 518 540 545 546 578
547 293 321 370 464 465 466 467 547 548
548 54 71 320 321 370 464 547 548
549 69 72 73 185 320 350 386 387 549
550 63 550 654 733 734
551 551 601 602 714 786
552 255 313 333 379 552 608 628 660
553 0 186 427 429 553 554 566 567
554 429 471 553 554 566
555 486 494 510 528 555 571
556 407 431 432 556 557 571 572 573 574
557 531 556 557 572 573 574
558 105 224 558 575 609 610 632
559 189 190 192 559 580
560 162 189 221 560 580 581 582 624
561 561 564 584 598 599 670 671 672 693
562 84 199 562 590 611 639 696 697
563 105 537 538 539 563 609 632 663
564 561 564 595 596 598 670
565 199 565 590 603 604 605 696
566 186 471 553 554 566 567 569 642
567 186 553 566 567 568 569 592 630
568 235 523 524 567 568 569 592
569 235 253 523 566 567 568 569 642
570 198 234 316 317 348 497 570
571 407 431 486 510 511 555 556 571 574
572 242 332 431 432 497 556 557 572 573
573 242 497 531 556 557 572 573 574
574 486 529 530 531 556 557 571 573 574
575 224 240 558 575 610 621 649 650
576 19 82 240 576 635 689
577 61 98 285 577 584 599 693 694
578 36 62 89 484 518 519 546 578
579 91 158 366 579 625 668
580 189 190 220 221 559 560 580 581
581 220 560 580 581 582 624
582 160 219 220 397 560 581 582 624
583 98 149 175 176 422 455 583 657 658
584 61 561 577 584 598 599 672 693 694
585 8 9 173 585 786
586 85 586 587 588 589 606
587 586 587 588 589
588 264 334 586 587 588 589
589 85 264 334 586 587 588 589 606
590 199 562 565 590 605 696
591 150 194 591 592 593 626 627 630 631
592 150 186 524 567 568 591 592 593 594 630
593 524 591 592 593 594 627 629
594 314 524 592 593 594 629
595 56 305 306 522 564 595 596 598 599
596 56 76 136 306 564 595 596 597 598
597 76 135 136 596 597
598 522 561 564 584 595 596 598 599 670
599 61 522 561 577 584 595 598 599
600 8 173 236 252 253 600
601 173 527 551 601 602 704 714
602 173 551 601 602 786
603 565 603 604 605
604 172 565 603 604 605 606
605 172 565 590 603 604 605 636 696
606 85 172 586 589 604 606
607 150 186 528 529 532 607 630
608 313 379 552 608 628 629 660
609 105 224 539 558 563 609 610 632 663
610 240 558 575 609 610 632 633 649
611 123 195 199 562 611 638 639
612 109 612 613 621 622 623 643 644 645
613 612 613 614 643 644 645 646 647
614 109 613 614 615 645 646
615 109 239 614 615 646 647 648 742
616 107 147 616 651
617 66 67 617 671 672 673
618 98 618 658 674 715 716 731
619 14 27 28 64 166 257 619 665 748 798
620 213 257 620 622 623 664 665 666
621 224 575 612 621 622 643 650 666 688
622 109 224 612 620 621 622 623 643 666
623 109 115 213 257 371 612 620 622 623 666
624 160 162 221 560 581 582 624
625 91 103 157 158 229 232 579 625 668
626 216 487 531 591 626 627 628 631
627 591 593 626 627 628 629 631
628 552 608 626 627 628 629 660
629 314 379 593 594 608 627 628 629
630 150 186 532 567 591 592 607 630
631 194 487 532 591 626 627 631
632 159 240 539 558 563 609 610 632 633
633 18 92 159 240 539 610 632 633 634
634 18 92 240 633 634 635
635 18 19 82 576 634 635 689
636 172 605 636 696 697 791 792
637 1 123 195 203 637 638 640 717
638 123 195 199 611 637 638 639 640
639 84 155 195 562 611 638 639 697
640 84 155 195 637 638 640 686 717
641 59 254 377 485 641 661 662
642 173 235 251 253 471 566 569 642
643 238 612 613 621 622 643 644 650 688
644 238 612 613 643 644 646 647 688 741
645 109 612 613 614 645 646
646 109 613 614 615 644 645 646 647 648
647 238 613 615 644 646 647 648 710 741
648 615 646 647 648 710 742
649 240 575 610 649 650 688 723 724
650 224 575 621 643 649 650 688 723
651 91 107 108 147 309 616 651 669 783
652 652 653
653 652 653 654 656
654 550 653 654 656 732 733
655 655 656 692 698 700 732 778
656 653 654 655 656 700 732 780
657 98 175 583 657 658 674 703 735
658 98 583 618 657 658 674 716 735
659 228 236 252 254 485 523 524 659
660 552 608 628 660
661 6 59 254 312 377 641 661
662 254 314 377 379 485 524 641 662
663 14 27 28 30 42 52 53 105 536 537 563 609 663
664 27 53 105 224 620 664 665 666
665 27 53 257 619 620 664 665 666 748
666 224 620 621 622 623 664 665 666
667 169 667
668 91 103 229 309 579 625 668 669
669 91 229 309 651 668 669
670 561 564 598 670 671 672
671 561 617 670 671 672 673
672 561 584 617 670 671 672 673 693 695
673 66 67 183 617 671 672 673 695
674 618 657 658 674 701 702 716 735
675 58 148 170 675 687 721 722
676 122 676 737 738 739 788 789
677 238 677 678 710 711 728 740 741
678 677 678 679 709 711 740 769 794 795
679 678 679 680 709 730 740 768 794 795
680 679 680 681 683 709 729 730 768 793 794
681 101 168 680 681 682 683 729 730
682 100 101 102 152 168 534 681 682 683 729
683 17 101 680 681 682 683 768 793
684 35 97 684 703 764 782
685 111 273 344 685 708 766 774 787
686 84 640 686 705 717 787
687 58 148 154 222 675 687
688 238 621 643 644 649 650 688 723
689 82 576 635 689 725 726
690 82 210 690 724 726 727 728
691 168 210 691 725 726 729 730
692 127 655 692 700 778 779
693 561 577 584 672 693 694 695
694 98 577 584 693 694 695 731
695 67 68 98 183 672 673 693 694 695 715 731
696 172 562 565 590 605 636 696 697 791
697 84 562 636 639 696 697 791
698 655 698 699 732 734 778
699 698 699 734 778
700 127 655 656 692 700 745 780 781
701 97 674 701 702 703 735
702 60 97 674 701 702 715 716 735
703 38 97 175 657 684 701 703 735 764 782
704 174 504 509 525 527 601 704 714
705 1 122 686 705 708 717 718 719 720 737 739 787
706 83 122 188 223 706
707 83 122 707 738 767 789 790
708 685 705 708 737 739 766 787 788
709 210 678 679 680 709 728 730 740
710 647 648 677 710 711 741 742 769
711 677 678 710 711 740 741 742 769 795
712 712 745 746 747 781
713 15 34 35 37 50 713 736
714 527 551 601 704 714
715 60 68 618 695 702 715 716 731
716 618 658 674 702 715 716 731
717 1 84 637 640 686 705 717 718
718 1 191 705 717 718 719
719 1 191 705 718 719 720
720 122 170 171 191 705 719 720
721 58 125 675 721 722
722 125 170 191 675 721 722
723 238 649 650 688 723 724 727 728
724 82 240 649 690 723 724 727
725 82 168 210 534 689 691 725 726
726 82 210 689 690 691 725 726
727 210 238 690 723 724 727 728
728 210 238 677 690 709 723 727 728 740
729 168 210 680 681 682 691 729 730
730 210 679 680 681 691 709 729 730
731 68 98 618 694 695 715 716 731
732 654 655 656 698 732 733 734 778
733 550 654 732 733 734
734 7 63 180 550 698 699 732 733 734
735 657 658 674 701 702 703 735
736 35 38 50 713 736 764
737 122 676 705 708 737 739
738 122 676 707 738 789 790
739 122 676 705 708 737 739 766 788 789
740 238 677 678 679 709 711 728 740
741 238 644 647 677 710 711 741
742 208 209 239 615 648 710 711 742 769
743 167 272 743 768 793 794 796 797
744 100 184 206 207 270 272 744 793 797
745 127 128 258 361 700 712 745 747 750 780 781
746 29 64 166 712 746 747 798
747 126 166 712 745 746 747 750 781
748 117 166 257 619 665 748 749
749 117 118 119 126 166 257 748 749
750 116 119 126 256 258 361 745 747 750
751 32 124 156 751 752 753 760 770 799
752 32 124 751 752 760
753 156 226 311 751 753 754 770
754 145 156 200 226 290 311 753 754
755 15 37 88 95 755 756 765 784
756 4 88 95 755 756
757 4 87 95 757 758
758 86 87 95 757 758 759
759 86 95 96 227 249 364 758 759
760 32 60 97 751 752 760
761 3 15 95 131 202 761
762 84 762 774 775 776 777 787
763 110 111 182 343 763 775 776 777 800
764 35 38 684 703 736 764 782
765 36 88 755 765 784
766 273 344 384 685 708 739 766 787 788
767 83 112 408 707 767 790
768 679 680 683 743 768 793 794 796 797
769 209 678 710 711 742 769 795
770 124 156 193 226 751 753 770
771 32 33 97 771 799
772 85 172 231 291 338 772 773 791 792
773 291 338 772 773 775 791 792 800
774 84 111 273 685 762 774 777 787
775 84 762 763 773 775 776 791 800
776 111 762 763 775 776 777 800
777 111 762 763 774 776 777
778 93 94 655 692 698 699 732 778 779
779 93 94 127 128 692 778 779
780 656 700 745 780 781
781 700 712 745 747 780 781
782 35 38 684 703 764 782
783 62 90 91 108 651 783 785
784 36 37 88 755 765 784
785 62 90 91 96 783 785
786 173 551 585 602 786
787 84 685 686 705 708 762 766 774 787
788 344 383 384 676 708 739 766 788 789
789 296 383 384 408 676 707 738 739 788 789 790
790 112 296 408 707 738 767 789 790
791 84 636 696 697 772 773 775 791 792 800
792 85 172 636 772 773 791 792
793 17 101 184 680 683 743 744 768 793 797
794 209 678 679 680 743 768 794 795 796
795 209 678 679 711 769 794 795 796
796 167 209 743 768 794 795 796
797 167 184 207 272 743 744 768 793 797
798 29 64 166 619 746 798
799 32 33 156 201 751 771 799
800 182 338 343 763 773 775 776 791 800
